SS_Excitation_Fitting v1.00.01: State-Spaces Matrices
0    %Wave heading angle
12          %time offset (tc)
38    %total # of states
20   0  10   0   8   0   %# states per degree of freedom
-1.848874e-02 -7.893265e-01 -1.414431e-02 -2.707273e-01 2.008901e-02 4.673063e-02 -4.491167e-02 2.014516e-02 -6.564306e-02 5.060639e-02 7.638384e-02 3.092758e-02 -1.873244e-02 1.570685e-02 2.562713e-02 5.049465e-02 5.919247e-03 -2.514113e-03 -3.145274e-02 2.324889e-02 0.000000e+00 0.000000e+00 0.000000e+00 0.000000e+00 0.000000e+00 0.000000e+00 0.000000e+00 0.000000e+00 0.000000e+00 0.000000e+00 0.000000e+00 0.000000e+00 0.000000e+00 0.000000e+00 0.000000e+00 0.000000e+00 0.000000e+00 0.000000e+00 
7.893265e-01 -1.226841e-03 -3.921393e-02 -1.034931e-02 1.748099e-02 3.778461e-03 -4.305032e-03 1.339064e-02 -7.384216e-03 2.619441e-02 1.268284e-02 1.132543e-02 -3.553382e-03 5.517098e-03 8.621555e-03 1.061189e-02 1.821975e-03 -5.488314e-04 -9.465981e-03 5.303115e-03 0.000000e+00 0.000000e+00 0.000000e+00 0.000000e+00 0.000000e+00 0.000000e+00 0.000000e+00 0.000000e+00 0.000000e+00 0.000000e+00 0.000000e+00 0.000000e+00 0.000000e+00 0.000000e+00 0.000000e+00 0.000000e+00 0.000000e+00 0.000000e+00 
-1.414431e-02 3.921393e-02 -1.092771e-02 -6.225772e-01 1.584203e-02 5.225236e-02 -4.684145e-02 1.603597e-02 -6.498028e-02 4.074574e-02 6.908071e-02 2.544664e-02 -1.656660e-02 1.296458e-02 2.122612e-02 4.399099e-02 4.940397e-03 -2.179073e-03 -2.630555e-02 2.003677e-02 0.000000e+00 0.000000e+00 0.000000e+00 0.000000e+00 0.000000e+00 0.000000e+00 0.000000e+00 0.000000e+00 0.000000e+00 0.000000e+00 0.000000e+00 0.000000e+00 0.000000e+00 0.000000e+00 0.000000e+00 0.000000e+00 0.000000e+00 0.000000e+00 
2.707273e-01 -1.034931e-02 6.225772e-01 -8.911019e-02 2.836142e-01 3.333509e-02 -3.831285e-02 1.783098e-01 -6.635982e-02 3.091353e-01 1.176875e-01 1.196503e-01 -3.345377e-02 5.769026e-02 8.924567e-02 1.011844e-01 1.850104e-02 -5.259857e-03 -9.568544e-02 5.113838e-02 0.000000e+00 0.000000e+00 0.000000e+00 0.000000e+00 0.000000e+00 0.000000e+00 0.000000e+00 0.000000e+00 0.000000e+00 0.000000e+00 0.000000e+00 0.000000e+00 0.000000e+00 0.000000e+00 0.000000e+00 0.000000e+00 0.000000e+00 0.000000e+00 
2.008901e-02 -1.748099e-02 1.584203e-02 -2.836142e-01 -2.401925e-02 -1.414976e+00 2.617090e-01 -2.484194e-02 2.327089e-01 -6.485355e-02 -1.567206e-01 -4.277007e-02 3.461538e-02 -2.197388e-02 -3.630888e-02 -8.737237e-02 -8.628401e-03 4.256644e-03 4.620466e-02 -3.844519e-02 0.000000e+00 0.000000e+00 0.000000e+00 0.000000e+00 0.000000e+00 0.000000e+00 0.000000e+00 0.000000e+00 0.000000e+00 0.000000e+00 0.000000e+00 0.000000e+00 0.000000e+00 0.000000e+00 0.000000e+00 0.000000e+00 0.000000e+00 0.000000e+00 
-4.673063e-02 3.778461e-03 -5.225236e-02 3.333509e-02 1.414976e+00 -1.285531e-02 1.494273e-02 -1.987536e-01 2.621795e-02 -2.104808e-01 -4.861779e-02 -6.181848e-02 1.411801e-02 -2.919086e-02 -4.426854e-02 -4.353605e-02 -8.850543e-03 2.281185e-03 4.539674e-02 -2.239613e-02 0.000000e+00 0.000000e+00 0.000000e+00 0.000000e+00 0.000000e+00 0.000000e+00 0.000000e+00 0.000000e+00 0.000000e+00 0.000000e+00 0.000000e+00 0.000000e+00 0.000000e+00 0.000000e+00 0.000000e+00 0.000000e+00 0.000000e+00 0.000000e+00 
4.491167e-02 -4.305032e-03 4.684145e-02 -3.831285e-02 -2.617090e-01 1.494273e-02 -1.744422e-02 8.157426e-01 -3.076095e-02 3.447251e-01 5.808099e-02 8.248209e-02 -1.701918e-02 3.848495e-02 5.772192e-02 5.292766e-02 1.131990e-02 -2.783108e-03 -5.781604e-02 2.744437e-02 0.000000e+00 0.000000e+00 0.000000e+00 0.000000e+00 0.000000e+00 0.000000e+00 0.000000e+00 0.000000e+00 0.000000e+00 0.000000e+00 0.000000e+00 0.000000e+00 0.000000e+00 0.000000e+00 0.000000e+00 0.000000e+00 0.000000e+00 0.000000e+00 
2.014516e-02 -1.339064e-02 1.603597e-02 -1.783098e-01 -2.484194e-02 1.987536e-01 -8.157426e-01 -2.597292e-02 7.418783e-01 -6.877336e-02 -2.150215e-01 -4.675261e-02 4.406568e-02 -2.413801e-02 -4.010300e-02 -1.067829e-01 -9.651163e-03 5.137307e-03 5.186429e-02 -4.579276e-02 0.000000e+00 0.000000e+00 0.000000e+00 0.000000e+00 0.000000e+00 0.000000e+00 0.000000e+00 0.000000e+00 0.000000e+00 0.000000e+00 0.000000e+00 0.000000e+00 0.000000e+00 0.000000e+00 0.000000e+00 0.000000e+00 0.000000e+00 0.000000e+00 
6.564306e-02 -7.384216e-03 6.498028e-02 -6.635982e-02 -2.327089e-01 2.621795e-02 -3.076095e-02 -7.418783e-01 -5.456419e-02 1.148523e+00 1.052894e-01 1.746022e-01 -3.120068e-02 7.994263e-02 1.178893e-01 9.807386e-02 2.247094e-02 -5.180503e-03 -1.140714e-01 5.137718e-02 0.000000e+00 0.000000e+00 0.000000e+00 0.000000e+00 0.000000e+00 0.000000e+00 0.000000e+00 0.000000e+00 0.000000e+00 0.000000e+00 0.000000e+00 0.000000e+00 0.000000e+00 0.000000e+00 0.000000e+00 0.000000e+00 0.000000e+00 0.000000e+00 
5.060639e-02 -2.619441e-02 4.074574e-02 -3.091353e-01 -6.485355e-02 2.104808e-01 -3.447251e-01 -6.877336e-02 -1.148523e+00 -1.856060e-01 -9.699641e-01 -1.317258e-01 1.638269e-01 -6.850429e-02 -1.147483e-01 -3.641096e-01 -2.815561e-02 1.709213e-02 1.521440e-01 -1.486288e-01 0.000000e+00 0.000000e+00 0.000000e+00 0.000000e+00 0.000000e+00 0.000000e+00 0.000000e+00 0.000000e+00 0.000000e+00 0.000000e+00 0.000000e+00 0.000000e+00 0.000000e+00 0.000000e+00 0.000000e+00 0.000000e+00 0.000000e+00 0.000000e+00 
-7.638384e-02 1.268284e-02 -6.908071e-02 1.176875e-01 1.567206e-01 -4.861779e-02 5.808099e-02 2.150215e-01 1.052894e-01 9.699641e-01 -2.213703e-01 -1.217656e+00 6.883514e-02 -4.282554e-01 -5.244602e-01 -2.271671e-01 -7.819375e-02 1.226113e-02 3.795142e-01 -1.250389e-01 0.000000e+00 0.000000e+00 0.000000e+00 0.000000e+00 0.000000e+00 0.000000e+00 0.000000e+00 0.000000e+00 0.000000e+00 0.000000e+00 0.000000e+00 0.000000e+00 0.000000e+00 0.000000e+00 0.000000e+00 0.000000e+00 0.000000e+00 0.000000e+00 
3.092758e-02 -1.132543e-02 2.544664e-02 -1.196503e-01 -4.277007e-02 6.181848e-02 -8.248209e-02 -4.675261e-02 -1.746022e-01 -1.317258e-01 1.217656e+00 -1.041669e-01 9.703150e-01 -5.526371e-02 -9.473831e-02 -6.697197e-01 -2.463154e-02 2.652450e-02 1.354336e-01 -1.999222e-01 0.000000e+00 0.000000e+00 0.000000e+00 0.000000e+00 0.000000e+00 0.000000e+00 0.000000e+00 0.000000e+00 0.000000e+00 0.000000e+00 0.000000e+00 0.000000e+00 0.000000e+00 0.000000e+00 0.000000e+00 0.000000e+00 0.000000e+00 0.000000e+00 
1.873244e-02 -3.553382e-03 1.656660e-02 -3.345377e-02 -3.461538e-02 1.411801e-02 -1.701918e-02 -4.406568e-02 -3.120068e-02 -1.638269e-01 6.883514e-02 -9.703150e-01 -2.205715e-02 1.870095e+00 4.935619e-01 7.522747e-02 4.006006e-02 -4.123619e-03 -1.814006e-01 4.294017e-02 0.000000e+00 0.000000e+00 0.000000e+00 0.000000e+00 0.000000e+00 0.000000e+00 0.000000e+00 0.000000e+00 0.000000e+00 0.000000e+00 0.000000e+00 0.000000e+00 0.000000e+00 0.000000e+00 0.000000e+00 0.000000e+00 0.000000e+00 0.000000e+00 
1.570685e-02 -5.517098e-03 1.296458e-02 -5.769026e-02 -2.197388e-02 2.919086e-02 -3.848495e-02 -2.413801e-02 -7.994263e-02 -6.850429e-02 4.282554e-01 -5.526371e-02 -1.870095e+00 -2.943561e-02 -5.070037e-02 -4.805057e-01 -1.334653e-02 1.735405e-02 7.367093e-02 -1.230087e-01 0.000000e+00 0.000000e+00 0.000000e+00 0.000000e+00 0.000000e+00 0.000000e+00 0.000000e+00 0.000000e+00 0.000000e+00 0.000000e+00 0.000000e+00 0.000000e+00 0.000000e+00 0.000000e+00 0.000000e+00 0.000000e+00 0.000000e+00 0.000000e+00 
2.562713e-02 -8.621555e-03 2.122612e-02 -8.924567e-02 -3.630888e-02 4.426854e-02 -5.772192e-02 -4.010300e-02 -1.178893e-01 -1.147483e-01 5.244602e-01 -9.473831e-02 -4.935619e-01 -5.070037e-02 -8.782498e-02 -1.415294e+00 -2.347385e-02 4.112832e-02 1.302044e-01 -2.601754e-01 0.000000e+00 0.000000e+00 0.000000e+00 0.000000e+00 0.000000e+00 0.000000e+00 0.000000e+00 0.000000e+00 0.000000e+00 0.000000e+00 0.000000e+00 0.000000e+00 0.000000e+00 0.000000e+00 0.000000e+00 0.000000e+00 0.000000e+00 0.000000e+00 
-5.049465e-02 1.061189e-02 -4.399099e-02 1.011844e-01 8.737237e-02 -4.353605e-02 5.292766e-02 1.067829e-01 9.807386e-02 3.641096e-01 -2.271671e-01 6.697197e-01 7.522747e-02 4.805057e-01 1.415294e+00 -2.666527e-01 -4.228397e-01 1.489859e-02 1.392655e+00 -1.593696e-01 0.000000e+00 0.000000e+00 0.000000e+00 0.000000e+00 0.000000e+00 0.000000e+00 0.000000e+00 0.000000e+00 0.000000e+00 0.000000e+00 0.000000e+00 0.000000e+00 0.000000e+00 0.000000e+00 0.000000e+00 0.000000e+00 0.000000e+00 0.000000e+00 
5.919247e-03 -1.821975e-03 4.940397e-03 -1.850104e-02 -8.628401e-03 8.850543e-03 -1.131990e-02 -9.651163e-03 -2.247094e-02 -2.815561e-02 7.819375e-02 -2.463154e-02 -4.006006e-02 -1.334653e-02 -2.347385e-02 4.228397e-01 -6.545615e-03 2.691770e+00 3.682191e-02 -1.729453e-01 0.000000e+00 0.000000e+00 0.000000e+00 0.000000e+00 0.000000e+00 0.000000e+00 0.000000e+00 0.000000e+00 0.000000e+00 0.000000e+00 0.000000e+00 0.000000e+00 0.000000e+00 0.000000e+00 0.000000e+00 0.000000e+00 0.000000e+00 0.000000e+00 
2.514113e-03 -5.488314e-04 2.179073e-03 -5.259857e-03 -4.256644e-03 2.281185e-03 -2.783108e-03 -5.137307e-03 -5.180503e-03 -1.709213e-02 1.226113e-02 -2.652450e-02 -4.123619e-03 -1.735405e-02 -4.112832e-02 1.489859e-02 -2.691770e+00 -8.406947e-04 -1.919660e-01 9.123394e-03 0.000000e+00 0.000000e+00 0.000000e+00 0.000000e+00 0.000000e+00 0.000000e+00 0.000000e+00 0.000000e+00 0.000000e+00 0.000000e+00 0.000000e+00 0.000000e+00 0.000000e+00 0.000000e+00 0.000000e+00 0.000000e+00 0.000000e+00 0.000000e+00 
-3.145274e-02 9.465981e-03 -2.630555e-02 9.568544e-02 4.620466e-02 -4.539674e-02 5.781604e-02 5.186429e-02 1.140714e-01 1.521440e-01 -3.795142e-01 1.354336e-01 1.814006e-01 7.367093e-02 1.302044e-01 -1.392655e+00 3.682191e-02 1.919660e-01 -2.081479e-01 1.846047e+00 0.000000e+00 0.000000e+00 0.000000e+00 0.000000e+00 0.000000e+00 0.000000e+00 0.000000e+00 0.000000e+00 0.000000e+00 0.000000e+00 0.000000e+00 0.000000e+00 0.000000e+00 0.000000e+00 0.000000e+00 0.000000e+00 0.000000e+00 0.000000e+00 
-2.324889e-02 5.303115e-03 -2.003677e-02 5.113838e-02 3.844519e-02 -2.239613e-02 2.744437e-02 4.579276e-02 5.137718e-02 1.486288e-01 -1.250389e-01 1.999222e-01 4.294017e-02 1.230087e-01 2.601754e-01 -1.593696e-01 1.729453e-01 9.123394e-03 -1.846047e+00 -1.011753e-01 0.000000e+00 0.000000e+00 0.000000e+00 0.000000e+00 0.000000e+00 0.000000e+00 0.000000e+00 0.000000e+00 0.000000e+00 0.000000e+00 0.000000e+00 0.000000e+00 0.000000e+00 0.000000e+00 0.000000e+00 0.000000e+00 0.000000e+00 0.000000e+00 
0.000000e+00 0.000000e+00 0.000000e+00 0.000000e+00 0.000000e+00 0.000000e+00 0.000000e+00 0.000000e+00 0.000000e+00 0.000000e+00 0.000000e+00 0.000000e+00 0.000000e+00 0.000000e+00 0.000000e+00 0.000000e+00 0.000000e+00 0.000000e+00 0.000000e+00 0.000000e+00 -1.829128e-02 6.290439e-01 9.032073e-02 -2.954588e-02 -1.076671e-01 -6.777753e-03 -6.820701e-02 -5.630430e-02 -1.129045e-03 5.266866e-02 0.000000e+00 0.000000e+00 0.000000e+00 0.000000e+00 0.000000e+00 0.000000e+00 0.000000e+00 0.000000e+00 
0.000000e+00 0.000000e+00 0.000000e+00 0.000000e+00 0.000000e+00 0.000000e+00 0.000000e+00 0.000000e+00 0.000000e+00 0.000000e+00 0.000000e+00 0.000000e+00 0.000000e+00 0.000000e+00 0.000000e+00 0.000000e+00 0.000000e+00 0.000000e+00 0.000000e+00 0.000000e+00 -6.290439e-01 -2.697226e-02 -2.030421e-02 1.807857e-01 4.039308e-02 2.065975e-02 3.976569e-02 1.179738e-01 1.800399e-03 -5.263418e-02 0.000000e+00 0.000000e+00 0.000000e+00 0.000000e+00 0.000000e+00 0.000000e+00 0.000000e+00 0.000000e+00 
0.000000e+00 0.000000e+00 0.000000e+00 0.000000e+00 0.000000e+00 0.000000e+00 0.000000e+00 0.000000e+00 0.000000e+00 0.000000e+00 0.000000e+00 0.000000e+00 0.000000e+00 0.000000e+00 0.000000e+00 0.000000e+00 0.000000e+00 0.000000e+00 0.000000e+00 0.000000e+00 -9.032073e-02 -2.030421e-02 -1.563511e-02 5.414730e-01 3.170529e-02 2.469812e-02 3.206921e-02 1.188699e-01 1.675705e-03 -4.491548e-02 0.000000e+00 0.000000e+00 0.000000e+00 0.000000e+00 0.000000e+00 0.000000e+00 0.000000e+00 0.000000e+00 
0.000000e+00 0.000000e+00 0.000000e+00 0.000000e+00 0.000000e+00 0.000000e+00 0.000000e+00 0.000000e+00 0.000000e+00 0.000000e+00 0.000000e+00 0.000000e+00 0.000000e+00 0.000000e+00 0.000000e+00 0.000000e+00 0.000000e+00 0.000000e+00 0.000000e+00 0.000000e+00 -2.954588e-02 -1.807857e-01 -5.414730e-01 -5.048063e-02 -7.367965e-01 -1.218156e-02 -2.179698e-01 -1.061929e-01 -2.240586e-03 1.201545e-01 0.000000e+00 0.000000e+00 0.000000e+00 0.000000e+00 0.000000e+00 0.000000e+00 0.000000e+00 0.000000e+00 
0.000000e+00 0.000000e+00 0.000000e+00 0.000000e+00 0.000000e+00 0.000000e+00 0.000000e+00 0.000000e+00 0.000000e+00 0.000000e+00 0.000000e+00 0.000000e+00 0.000000e+00 0.000000e+00 0.000000e+00 0.000000e+00 0.000000e+00 0.000000e+00 0.000000e+00 0.000000e+00 1.076671e-01 4.039308e-02 3.170529e-02 7.367965e-01 -6.538138e-02 -9.560308e-02 -6.779348e-02 -3.283423e-01 -4.143196e-03 1.004463e-01 0.000000e+00 0.000000e+00 0.000000e+00 0.000000e+00 0.000000e+00 0.000000e+00 0.000000e+00 0.000000e+00 
0.000000e+00 0.000000e+00 0.000000e+00 0.000000e+00 0.000000e+00 0.000000e+00 0.000000e+00 0.000000e+00 0.000000e+00 0.000000e+00 0.000000e+00 0.000000e+00 0.000000e+00 0.000000e+00 0.000000e+00 0.000000e+00 0.000000e+00 0.000000e+00 0.000000e+00 0.000000e+00 -6.777753e-03 -2.065975e-02 -2.469812e-02 -1.218156e-02 9.560308e-02 -3.092379e-03 -3.062714e-01 -2.843682e-02 -6.388637e-04 4.257689e-02 0.000000e+00 0.000000e+00 0.000000e+00 0.000000e+00 0.000000e+00 0.000000e+00 0.000000e+00 0.000000e+00 
0.000000e+00 0.000000e+00 0.000000e+00 0.000000e+00 0.000000e+00 0.000000e+00 0.000000e+00 0.000000e+00 0.000000e+00 0.000000e+00 0.000000e+00 0.000000e+00 0.000000e+00 0.000000e+00 0.000000e+00 0.000000e+00 0.000000e+00 0.000000e+00 0.000000e+00 0.000000e+00 6.820701e-02 3.976569e-02 3.206921e-02 2.179698e-01 -6.779348e-02 3.062714e-01 -7.306515e-02 -6.980995e-01 -6.139902e-03 1.193678e-01 0.000000e+00 0.000000e+00 0.000000e+00 0.000000e+00 0.000000e+00 0.000000e+00 0.000000e+00 0.000000e+00 
0.000000e+00 0.000000e+00 0.000000e+00 0.000000e+00 0.000000e+00 0.000000e+00 0.000000e+00 0.000000e+00 0.000000e+00 0.000000e+00 0.000000e+00 0.000000e+00 0.000000e+00 0.000000e+00 0.000000e+00 0.000000e+00 0.000000e+00 0.000000e+00 0.000000e+00 0.000000e+00 -5.630430e-02 -1.179738e-01 -1.188699e-01 -1.061929e-01 3.283423e-01 -2.843682e-02 6.980995e-01 -2.784575e-01 -6.805615e-03 6.984775e-01 0.000000e+00 0.000000e+00 0.000000e+00 0.000000e+00 0.000000e+00 0.000000e+00 0.000000e+00 0.000000e+00 
0.000000e+00 0.000000e+00 0.000000e+00 0.000000e+00 0.000000e+00 0.000000e+00 0.000000e+00 0.000000e+00 0.000000e+00 0.000000e+00 0.000000e+00 0.000000e+00 0.000000e+00 0.000000e+00 0.000000e+00 0.000000e+00 0.000000e+00 0.000000e+00 0.000000e+00 0.000000e+00 -1.129045e-03 -1.800399e-03 -1.675705e-03 -2.240586e-03 4.143196e-03 -6.388637e-04 6.139902e-03 -6.805615e-03 -1.904874e-04 6.688447e-01 0.000000e+00 0.000000e+00 0.000000e+00 0.000000e+00 0.000000e+00 0.000000e+00 0.000000e+00 0.000000e+00 
0.000000e+00 0.000000e+00 0.000000e+00 0.000000e+00 0.000000e+00 0.000000e+00 0.000000e+00 0.000000e+00 0.000000e+00 0.000000e+00 0.000000e+00 0.000000e+00 0.000000e+00 0.000000e+00 0.000000e+00 0.000000e+00 0.000000e+00 0.000000e+00 0.000000e+00 0.000000e+00 -5.266866e-02 -5.263418e-02 -4.491548e-02 -1.201545e-01 1.004463e-01 -4.257689e-02 1.193678e-01 -6.984775e-01 -6.688447e-01 -2.700234e-01 0.000000e+00 0.000000e+00 0.000000e+00 0.000000e+00 0.000000e+00 0.000000e+00 0.000000e+00 0.000000e+00 
0.000000e+00 0.000000e+00 0.000000e+00 0.000000e+00 0.000000e+00 0.000000e+00 0.000000e+00 0.000000e+00 0.000000e+00 0.000000e+00 0.000000e+00 0.000000e+00 0.000000e+00 0.000000e+00 0.000000e+00 0.000000e+00 0.000000e+00 0.000000e+00 0.000000e+00 0.000000e+00 0.000000e+00 0.000000e+00 0.000000e+00 0.000000e+00 0.000000e+00 0.000000e+00 0.000000e+00 0.000000e+00 0.000000e+00 0.000000e+00 -1.746841e-02 -7.584107e-01 -6.891370e-02 -4.525094e-02 4.958077e-02 -2.791576e-03 -3.074525e-02 -2.854665e-02 
0.000000e+00 0.000000e+00 0.000000e+00 0.000000e+00 0.000000e+00 0.000000e+00 0.000000e+00 0.000000e+00 0.000000e+00 0.000000e+00 0.000000e+00 0.000000e+00 0.000000e+00 0.000000e+00 0.000000e+00 0.000000e+00 0.000000e+00 0.000000e+00 0.000000e+00 0.000000e+00 0.000000e+00 0.000000e+00 0.000000e+00 0.000000e+00 0.000000e+00 0.000000e+00 0.000000e+00 0.000000e+00 0.000000e+00 0.000000e+00 7.584107e-01 -3.912020e-02 -3.846188e-02 -1.599964e-01 5.584027e-02 -5.915165e-03 -5.617280e-02 -3.933431e-02 
0.000000e+00 0.000000e+00 0.000000e+00 0.000000e+00 0.000000e+00 0.000000e+00 0.000000e+00 0.000000e+00 0.000000e+00 0.000000e+00 0.000000e+00 0.000000e+00 0.000000e+00 0.000000e+00 0.000000e+00 0.000000e+00 0.000000e+00 0.000000e+00 0.000000e+00 0.000000e+00 0.000000e+00 0.000000e+00 0.000000e+00 0.000000e+00 0.000000e+00 0.000000e+00 0.000000e+00 0.000000e+00 0.000000e+00 0.000000e+00 6.891370e-02 -3.846188e-02 -4.270110e-02 -7.389649e-01 7.250318e-02 -1.091207e-02 -9.221545e-02 -5.521746e-02 
0.000000e+00 0.000000e+00 0.000000e+00 0.000000e+00 0.000000e+00 0.000000e+00 0.000000e+00 0.000000e+00 0.000000e+00 0.000000e+00 0.000000e+00 0.000000e+00 0.000000e+00 0.000000e+00 0.000000e+00 0.000000e+00 0.000000e+00 0.000000e+00 0.000000e+00 0.000000e+00 0.000000e+00 0.000000e+00 0.000000e+00 0.000000e+00 0.000000e+00 0.000000e+00 0.000000e+00 0.000000e+00 0.000000e+00 0.000000e+00 -4.525094e-02 1.599964e-01 7.389649e-01 -1.482396e-01 3.408761e-01 -1.093405e-02 -1.306100e-01 -1.516196e-01 
0.000000e+00 0.000000e+00 0.000000e+00 0.000000e+00 0.000000e+00 0.000000e+00 0.000000e+00 0.000000e+00 0.000000e+00 0.000000e+00 0.000000e+00 0.000000e+00 0.000000e+00 0.000000e+00 0.000000e+00 0.000000e+00 0.000000e+00 0.000000e+00 0.000000e+00 0.000000e+00 0.000000e+00 0.000000e+00 0.000000e+00 0.000000e+00 0.000000e+00 0.000000e+00 0.000000e+00 0.000000e+00 0.000000e+00 0.000000e+00 -4.958077e-02 5.584027e-02 7.250318e-02 -3.408761e-01 -1.643743e-01 9.266745e-01 5.380671e-01 1.541228e-01 
0.000000e+00 0.000000e+00 0.000000e+00 0.000000e+00 0.000000e+00 0.000000e+00 0.000000e+00 0.000000e+00 0.000000e+00 0.000000e+00 0.000000e+00 0.000000e+00 0.000000e+00 0.000000e+00 0.000000e+00 0.000000e+00 0.000000e+00 0.000000e+00 0.000000e+00 0.000000e+00 0.000000e+00 0.000000e+00 0.000000e+00 0.000000e+00 0.000000e+00 0.000000e+00 0.000000e+00 0.000000e+00 0.000000e+00 0.000000e+00 -2.791576e-03 5.915165e-03 1.091207e-02 -1.093405e-02 -9.266745e-01 -9.869950e-04 -1.333274e-02 -2.668035e-02 
0.000000e+00 0.000000e+00 0.000000e+00 0.000000e+00 0.000000e+00 0.000000e+00 0.000000e+00 0.000000e+00 0.000000e+00 0.000000e+00 0.000000e+00 0.000000e+00 0.000000e+00 0.000000e+00 0.000000e+00 0.000000e+00 0.000000e+00 0.000000e+00 0.000000e+00 0.000000e+00 0.000000e+00 0.000000e+00 0.000000e+00 0.000000e+00 0.000000e+00 0.000000e+00 0.000000e+00 0.000000e+00 0.000000e+00 0.000000e+00 -3.074525e-02 5.617280e-02 9.221545e-02 -1.306100e-01 -5.380671e-01 -1.333274e-02 -1.987107e-01 -1.123943e+00 
0.000000e+00 0.000000e+00 0.000000e+00 0.000000e+00 0.000000e+00 0.000000e+00 0.000000e+00 0.000000e+00 0.000000e+00 0.000000e+00 0.000000e+00 0.000000e+00 0.000000e+00 0.000000e+00 0.000000e+00 0.000000e+00 0.000000e+00 0.000000e+00 0.000000e+00 0.000000e+00 0.000000e+00 0.000000e+00 0.000000e+00 0.000000e+00 0.000000e+00 0.000000e+00 0.000000e+00 0.000000e+00 0.000000e+00 0.000000e+00 2.854665e-02 -3.933431e-02 -5.521746e-02 1.516196e-01 1.541228e-01 2.668035e-02 1.123943e+00 -1.835809e-01 
-4.292701e+02
 1.099134e+02
 -2.988330e+02
 8.116501e+02
 3.582217e+02
 -2.588334e+02
 2.823348e+02
 3.356356e+02
 4.624164e+02
 7.813945e+02
 -6.934644e+02
 4.200569e+02
 1.839807e+02
 2.096607e+02
 3.358380e+02
 -5.253221e+02
 7.457403e+01
 2.670257e+01
 -3.922080e+02
 -2.527916e+02
 3.936537e+02
 4.614442e+02
 3.021313e+02
 5.154479e+02
 -5.426510e+02
 1.017613e+02
 -4.709614e+02
 7.505496e+02
 1.352681e+01
 5.038559e+02
 -1.884172e+03
 2.724130e+03
 2.001290e+03
 -3.348912e+03
 -2.263744e+03
 -1.730209e+02
 -1.789618e+03
 1.452488e+03
 -4.292701e+02 -1.099134e+02 -2.988330e+02 -8.116501e+02 3.582217e+02 2.588334e+02 -2.823348e+02 3.356356e+02 -4.624164e+02 7.813945e+02 6.934644e+02 4.200569e+02 -1.839807e+02 2.096607e+02 3.358380e+02 5.253221e+02 7.457403e+01 -2.670257e+01 -3.922080e+02 2.527916e+02 0.000000e+00 0.000000e+00 0.000000e+00 0.000000e+00 0.000000e+00 0.000000e+00 0.000000e+00 0.000000e+00 0.000000e+00 0.000000e+00 0.000000e+00 0.000000e+00 0.000000e+00 0.000000e+00 0.000000e+00 0.000000e+00 0.000000e+00 0.000000e+00 
0.000000e+00 0.000000e+00 0.000000e+00 0.000000e+00 0.000000e+00 0.000000e+00 0.000000e+00 0.000000e+00 0.000000e+00 0.000000e+00 0.000000e+00 0.000000e+00 0.000000e+00 0.000000e+00 0.000000e+00 0.000000e+00 0.000000e+00 0.000000e+00 0.000000e+00 0.000000e+00 0.000000e+00 0.000000e+00 0.000000e+00 0.000000e+00 0.000000e+00 0.000000e+00 0.000000e+00 0.000000e+00 0.000000e+00 0.000000e+00 0.000000e+00 0.000000e+00 0.000000e+00 0.000000e+00 0.000000e+00 0.000000e+00 0.000000e+00 0.000000e+00 
0.000000e+00 0.000000e+00 0.000000e+00 0.000000e+00 0.000000e+00 0.000000e+00 0.000000e+00 0.000000e+00 0.000000e+00 0.000000e+00 0.000000e+00 0.000000e+00 0.000000e+00 0.000000e+00 0.000000e+00 0.000000e+00 0.000000e+00 0.000000e+00 0.000000e+00 0.000000e+00 -3.936537e+02 4.614442e+02 3.021313e+02 -5.154479e+02 -5.426510e+02 -1.017613e+02 -4.709614e+02 -7.505496e+02 -1.352681e+01 5.038559e+02 0.000000e+00 0.000000e+00 0.000000e+00 0.000000e+00 0.000000e+00 0.000000e+00 0.000000e+00 0.000000e+00 
0.000000e+00 0.000000e+00 0.000000e+00 0.000000e+00 0.000000e+00 0.000000e+00 0.000000e+00 0.000000e+00 0.000000e+00 0.000000e+00 0.000000e+00 0.000000e+00 0.000000e+00 0.000000e+00 0.000000e+00 0.000000e+00 0.000000e+00 0.000000e+00 0.000000e+00 0.000000e+00 0.000000e+00 0.000000e+00 0.000000e+00 0.000000e+00 0.000000e+00 0.000000e+00 0.000000e+00 0.000000e+00 0.000000e+00 0.000000e+00 0.000000e+00 0.000000e+00 0.000000e+00 0.000000e+00 0.000000e+00 0.000000e+00 0.000000e+00 0.000000e+00 
0.000000e+00 0.000000e+00 0.000000e+00 0.000000e+00 0.000000e+00 0.000000e+00 0.000000e+00 0.000000e+00 0.000000e+00 0.000000e+00 0.000000e+00 0.000000e+00 0.000000e+00 0.000000e+00 0.000000e+00 0.000000e+00 0.000000e+00 0.000000e+00 0.000000e+00 0.000000e+00 0.000000e+00 0.000000e+00 0.000000e+00 0.000000e+00 0.000000e+00 0.000000e+00 0.000000e+00 0.000000e+00 0.000000e+00 0.000000e+00 -1.884172e+03 -2.724130e+03 -2.001290e+03 -3.348912e+03 2.263744e+03 -1.730209e+02 -1.789618e+03 -1.452488e+03 
0.000000e+00 0.000000e+00 0.000000e+00 0.000000e+00 0.000000e+00 0.000000e+00 0.000000e+00 0.000000e+00 0.000000e+00 0.000000e+00 0.000000e+00 0.000000e+00 0.000000e+00 0.000000e+00 0.000000e+00 0.000000e+00 0.000000e+00 0.000000e+00 0.000000e+00 0.000000e+00 0.000000e+00 0.000000e+00 0.000000e+00 0.000000e+00 0.000000e+00 0.000000e+00 0.000000e+00 0.000000e+00 0.000000e+00 0.000000e+00 0.000000e+00 0.000000e+00 0.000000e+00 0.000000e+00 0.000000e+00 0.000000e+00 0.000000e+00 0.000000e+00 
