 ------- BEAMDYN V1.00.* INDIVIDUAL BLADE INPUT FILE --------------------------
 Test Format 1
 ---------------------- BLADE PARAMETERS --------------------------------------
34   station_total    - Number of blade input stations (-)
 1   damp_type        - Damping type: 0: no damping; 1: damped
  ---------------------- DAMPING COEFFICIENT------------------------------------
   mu1        mu2        mu3        mu4        mu5        mu6
   (-)        (-)        (-)        (-)        (-)        (-)
	 2.96836e-03 	 2.28198e-03 	 2.28198e-03 	 2.28198e-03 	 2.96836e-03 	 2.28198e-03
 ---------------------- DISTRIBUTED PROPERTIES---------------------------------
	 0.000000 
	 6.7390435510480900e+09 	 9.5447115033019776e+05 	 0.0000000000000000e+00 	 0.0000000000000000e+00 	 0.0000000000000000e+00 	 -1.0149786108504681e+07
	 9.5447114686188300e+05 	 6.7266606644553261e+09 	 0.0000000000000000e+00 	 0.0000000000000000e+00 	 0.0000000000000000e+00 	 3.8481769586879097e+07
	 0.0000000000000000e+00 	 0.0000000000000000e+00 	 4.6038219460297592e+10 	 -8.9510552455548998e+06 	 2.1723034518634208e+07 	 0.0000000000000000e+00
	 0.0000000000000000e+00 	 0.0000000000000000e+00 	 -8.9510552428033184e+06 	 1.4946564799813821e+11 	 1.5659347446798680e+07 	 0.0000000000000000e+00
	 0.0000000000000000e+00 	 0.0000000000000000e+00 	 2.1723034520414885e+07 	 1.5659347434958361e+07 	 1.4961588859783316e+11 	 0.0000000000000000e+00
	 -1.0149786108522080e+07 	 3.8481769586879522e+07 	 0.0000000000000000e+00 	 0.0000000000000000e+00 	 0.0000000000000000e+00 	 8.7412637821069839e+10

	 3.1265287583824424e+03 	 0.0000000000000000e+00 	 0.0000000000000000e+00 	 0.0000000000000000e+00 	 0.0000000000000000e+00 	 3.4730287094104884e-01
	 0.0000000000000000e+00 	 3.1265287583824424e+03 	 0.0000000000000000e+00 	 0.0000000000000000e+00 	 0.0000000000000000e+00 	 -4.3034697711860881e-01
	 0.0000000000000000e+00 	 0.0000000000000000e+00 	 3.1265287583824424e+03 	 -3.4730287094104884e-01 	 4.3034697711860881e-01 	 0.0000000000000000e+00
	 0.0000000000000000e+00 	 0.0000000000000000e+00 	 -3.4730287094104884e-01 	 1.0156889735473000e+04 	 3.6389267908320919e+00 	 0.0000000000000000e+00
	 0.0000000000000000e+00 	 0.0000000000000000e+00 	 4.3034697711860881e-01 	 3.6389267908320919e+00 	 1.0158600046902058e+04 	 0.0000000000000000e+00
	 3.4730287094104884e-01 	 -4.3034697711860881e-01 	 0.0000000000000000e+00 	 0.0000000000000000e+00 	 0.0000000000000000e+00 	 2.0315489782375083e+04

	 0.010000 
	 6.3826126426400156e+09 	 -1.2380001158701386e+06 	 0.0000000000000000e+00 	 0.0000000000000000e+00 	 0.0000000000000000e+00 	 -1.0691486637124548e+07
	 -1.2380001152753837e+06 	 6.3775701343913317e+09 	 0.0000000000000000e+00 	 0.0000000000000000e+00 	 0.0000000000000000e+00 	 3.6884686079976365e+07
	 0.0000000000000000e+00 	 0.0000000000000000e+00 	 4.3732599764608826e+10 	 -3.6851992300793757e+06 	 3.1869439376154616e+06 	 0.0000000000000000e+00
	 0.0000000000000000e+00 	 0.0000000000000000e+00 	 -3.6851992296875343e+06 	 1.4215098417576501e+11 	 -1.8894192149155921e+08 	 0.0000000000000000e+00
	 0.0000000000000000e+00 	 0.0000000000000000e+00 	 3.1869439412752665e+06 	 -1.8894192148976776e+08 	 1.4298211327208823e+11 	 0.0000000000000000e+00
	 -1.0691486637121083e+07 	 3.6884686079978377e+07 	 0.0000000000000000e+00 	 0.0000000000000000e+00 	 0.0000000000000000e+00 	 8.3140264682829468e+10

	 2.9636273645552369e+03 	 0.0000000000000000e+00 	 0.0000000000000000e+00 	 0.0000000000000000e+00 	 0.0000000000000000e+00 	 3.8083830482925241e-02
	 0.0000000000000000e+00 	 2.9636273645552369e+03 	 0.0000000000000000e+00 	 0.0000000000000000e+00 	 0.0000000000000000e+00 	 -2.1349438277935245e-01
	 0.0000000000000000e+00 	 0.0000000000000000e+00 	 2.9636273645552369e+03 	 -3.8083830482925241e-02 	 2.1349438277935245e-01 	 0.0000000000000000e+00
	 0.0000000000000000e+00 	 0.0000000000000000e+00 	 -3.8083830482925241e-02 	 9.6587915369115635e+03 	 1.8112958061538857e+00 	 0.0000000000000000e+00
	 0.0000000000000000e+00 	 0.0000000000000000e+00 	 2.1349438277935245e-01 	 1.8112958061538857e+00 	 9.6680060626545364e+03 	 0.0000000000000000e+00
	 3.8083830482925241e-02 	 -2.1349438277935245e-01 	 0.0000000000000000e+00 	 0.0000000000000000e+00 	 0.0000000000000000e+00 	 1.9326797599566118e+04

	 0.020000 
	 6.0256157849925308e+09 	 -1.0682627836378362e+07 	 0.0000000000000000e+00 	 0.0000000000000000e+00 	 0.0000000000000000e+00 	 -1.7172755864172308e+06
	 -1.0682627835936330e+07 	 6.0535111445162592e+09 	 0.0000000000000000e+00 	 0.0000000000000000e+00 	 0.0000000000000000e+00 	 1.2928186063608572e+07
	 0.0000000000000000e+00 	 0.0000000000000000e+00 	 4.1532000900828117e+10 	 1.1685698229496421e+06 	 -9.1796042893081754e+07 	 0.0000000000000000e+00
	 0.0000000000000000e+00 	 0.0000000000000000e+00 	 1.1685698230282478e+06 	 1.3487222192915474e+11 	 -4.7353481658933717e+08 	 0.0000000000000000e+00
	 0.0000000000000000e+00 	 0.0000000000000000e+00 	 -9.1796042892576829e+07 	 -4.7353481658942878e+08 	 1.3659917668487332e+11 	 0.0000000000000000e+00
	 -1.7172755864125637e+06 	 1.2928186063612999e+07 	 0.0000000000000000e+00 	 0.0000000000000000e+00 	 0.0000000000000000e+00 	 7.8911960659667786e+10

	 2.8028846360975845e+03 	 0.0000000000000000e+00 	 0.0000000000000000e+00 	 0.0000000000000000e+00 	 0.0000000000000000e+00 	 -1.0118375577184420e+00
	 0.0000000000000000e+00 	 2.8028846360975845e+03 	 0.0000000000000000e+00 	 0.0000000000000000e+00 	 0.0000000000000000e+00 	 5.9139689519766163e+00
	 0.0000000000000000e+00 	 0.0000000000000000e+00 	 2.8028846360975845e+03 	 1.0118375577184420e+00 	 -5.9139689519766163e+00 	 0.0000000000000000e+00
	 0.0000000000000000e+00 	 0.0000000000000000e+00 	 1.0118375577184420e+00 	 9.1607203034267895e+03 	 2.2732927780294205e+00 	 0.0000000000000000e+00
	 0.0000000000000000e+00 	 0.0000000000000000e+00 	 -5.9139689519766163e+00 	 2.2732927780294205e+00 	 9.1644075350000767e+03 	 0.0000000000000000e+00
	 -1.0118375577184420e+00 	 5.9139689519766163e+00 	 0.0000000000000000e+00 	 0.0000000000000000e+00 	 0.0000000000000000e+00 	 1.8325127838426837e+04

	 0.030000 
	 5.3978757591856899e+09 	 2.3156857898836737e+06 	 0.0000000000000000e+00 	 0.0000000000000000e+00 	 0.0000000000000000e+00 	 1.2045094029781498e+08
	 2.3156857904157746e+06 	 5.7566101837703552e+09 	 0.0000000000000000e+00 	 0.0000000000000000e+00 	 0.0000000000000000e+00 	 3.9203875440299988e+07
	 0.0000000000000000e+00 	 0.0000000000000000e+00 	 3.8647030109986763e+10 	 -8.3231505542900813e+08 	 -2.6818483884772715e+08 	 0.0000000000000000e+00
	 0.0000000000000000e+00 	 0.0000000000000000e+00 	 -8.3231505543009162e+08 	 1.2300844538297008e+11 	 -1.3104620329010184e+09 	 0.0000000000000000e+00
	 0.0000000000000000e+00 	 0.0000000000000000e+00 	 -2.6818483884644884e+08 	 -1.3104620329019246e+09 	 1.1934626108975998e+11 	 0.0000000000000000e+00
	 1.2045094029781322e+08 	 3.9203875440275133e+07 	 0.0000000000000000e+00 	 0.0000000000000000e+00 	 0.0000000000000000e+00 	 6.9891950922856537e+10

	 2.5901672944811990e+03 	 0.0000000000000000e+00 	 0.0000000000000000e+00 	 0.0000000000000000e+00 	 0.0000000000000000e+00 	 5.2772158812173878e+01
	 0.0000000000000000e+00 	 2.5901672944811990e+03 	 0.0000000000000000e+00 	 0.0000000000000000e+00 	 0.0000000000000000e+00 	 1.7350600565514846e+01
	 0.0000000000000000e+00 	 0.0000000000000000e+00 	 2.5901672944811990e+03 	 -5.2772158812173878e+01 	 -1.7350600565514846e+01 	 0.0000000000000000e+00
	 0.0000000000000000e+00 	 0.0000000000000000e+00 	 -5.2772158812173878e+01 	 8.3477964662349041e+03 	 -2.8553056085396342e+01 	 0.0000000000000000e+00
	 0.0000000000000000e+00 	 0.0000000000000000e+00 	 -1.7350600565514846e+01 	 -2.8553056085396342e+01 	 7.9056293256295658e+03 	 0.0000000000000000e+00
	 5.2772158812173878e+01 	 1.7350600565514846e+01 	 0.0000000000000000e+00 	 0.0000000000000000e+00 	 0.0000000000000000e+00 	 1.6253425791864451e+04

	 0.040000 
	 4.7983665662393999e+09 	 6.7066530396482013e+06 	 0.0000000000000000e+00 	 0.0000000000000000e+00 	 0.0000000000000000e+00 	 2.4528256948194966e+08
	 6.7066530396026792e+06 	 5.4665385824265404e+09 	 0.0000000000000000e+00 	 0.0000000000000000e+00 	 0.0000000000000000e+00 	 4.6802907135691367e+07
	 0.0000000000000000e+00 	 0.0000000000000000e+00 	 3.6005580242984138e+10 	 -1.6403882987366841e+09 	 -3.1525952582608622e+08 	 0.0000000000000000e+00
	 0.0000000000000000e+00 	 0.0000000000000000e+00 	 -1.6403882987364194e+09 	 1.1186872349175014e+11 	 -2.0618041195798485e+09 	 0.0000000000000000e+00
	 0.0000000000000000e+00 	 0.0000000000000000e+00 	 -3.1525952582532108e+08 	 -2.0618041195792179e+09 	 1.0415649486288176e+11 	 0.0000000000000000e+00
	 2.4528256948193446e+08 	 4.6802907135679282e+07 	 0.0000000000000000e+00 	 0.0000000000000000e+00 	 0.0000000000000000e+00 	 6.1447146258090660e+10

	 2.3878251316784535e+03 	 0.0000000000000000e+00 	 0.0000000000000000e+00 	 0.0000000000000000e+00 	 0.0000000000000000e+00 	 1.0214466899694207e+02
	 0.0000000000000000e+00 	 2.3878251316784535e+03 	 0.0000000000000000e+00 	 0.0000000000000000e+00 	 0.0000000000000000e+00 	 2.0011348762447657e+01
	 0.0000000000000000e+00 	 0.0000000000000000e+00 	 2.3878251316784535e+03 	 -1.0214466899694207e+02 	 -2.0011348762447657e+01 	 0.0000000000000000e+00
	 0.0000000000000000e+00 	 0.0000000000000000e+00 	 -1.0214466899694207e+02 	 7.5812476724639846e+03 	 -4.8559463064559814e+01 	 0.0000000000000000e+00
	 0.0000000000000000e+00 	 0.0000000000000000e+00 	 -2.0011348762447657e+01 	 -4.8559463064559814e+01 	 6.7696280185954147e+03 	 0.0000000000000000e+00
	 1.0214466899694207e+02 	 2.0011348762447657e+01 	 0.0000000000000000e+00 	 0.0000000000000000e+00 	 0.0000000000000000e+00 	 1.4350875691059422e+04

	 0.050000 
	 4.2431723170357885e+09 	 6.6258281691232929e+06 	 0.0000000000000000e+00 	 0.0000000000000000e+00 	 0.0000000000000000e+00 	 3.6202496476720065e+08
	 6.6258281691760207e+06 	 5.1931289303317719e+09 	 0.0000000000000000e+00 	 0.0000000000000000e+00 	 0.0000000000000000e+00 	 5.3208331442260817e+07
	 0.0000000000000000e+00 	 0.0000000000000000e+00 	 3.3703290618788898e+10 	 -2.3757530938271561e+09 	 -3.5154504832267314e+08 	 0.0000000000000000e+00
	 0.0000000000000000e+00 	 0.0000000000000000e+00 	 -2.3757530938275561e+09 	 1.0224782841111690e+11 	 -2.8080639696401615e+09 	 0.0000000000000000e+00
	 0.0000000000000000e+00 	 0.0000000000000000e+00 	 -3.5154504832390195e+08 	 -2.8080639696406879e+09 	 9.1759978113014359e+10 	 0.0000000000000000e+00
	 3.6202496476722491e+08 	 5.3208331442306787e+07 	 0.0000000000000000e+00 	 0.0000000000000000e+00 	 0.0000000000000000e+00 	 5.4063388257973915e+10

	 2.2019019044153615e+03 	 0.0000000000000000e+00 	 0.0000000000000000e+00 	 0.0000000000000000e+00 	 0.0000000000000000e+00 	 1.4334724756956734e+02
	 0.0000000000000000e+00 	 2.2019019044153615e+03 	 0.0000000000000000e+00 	 0.0000000000000000e+00 	 0.0000000000000000e+00 	 2.2129494051389070e+01
	 0.0000000000000000e+00 	 0.0000000000000000e+00 	 2.2019019044153615e+03 	 -1.4334724756956734e+02 	 -2.2129494051389070e+01 	 0.0000000000000000e+00
	 0.0000000000000000e+00 	 0.0000000000000000e+00 	 -1.4334724756956734e+02 	 6.9153568464343489e+03 	 -6.4492555135470440e+01 	 0.0000000000000000e+00
	 0.0000000000000000e+00 	 0.0000000000000000e+00 	 -2.2129494051389070e+01 	 -6.4492555135470440e+01 	 5.8077938041434545e+03 	 0.0000000000000000e+00
	 1.4334724756956734e+02 	 2.2129494051389070e+01 	 0.0000000000000000e+00 	 0.0000000000000000e+00 	 0.0000000000000000e+00 	 1.2723150650577803e+04

	 0.060000 
	 3.7216692763693385e+09 	 4.2709422196483938e+06 	 0.0000000000000000e+00 	 0.0000000000000000e+00 	 0.0000000000000000e+00 	 4.6803884978430605e+08
	 4.2709422199287890e+06 	 4.9250095860449381e+09 	 0.0000000000000000e+00 	 0.0000000000000000e+00 	 0.0000000000000000e+00 	 5.9071001259495512e+07
	 0.0000000000000000e+00 	 0.0000000000000000e+00 	 3.1662713750555958e+10 	 -3.0543099141866498e+09 	 -3.8411322575029528e+08 	 0.0000000000000000e+00
	 0.0000000000000000e+00 	 0.0000000000000000e+00 	 -3.0543099141874800e+09 	 9.3343539269214767e+10 	 -3.5387013943892560e+09 	 0.0000000000000000e+00
	 0.0000000000000000e+00 	 0.0000000000000000e+00 	 -3.8411322575035709e+08 	 -3.5387013943903885e+09 	 8.1143982222040543e+10 	 0.0000000000000000e+00
	 4.6803884978422695e+08 	 5.9071001259448715e+07 	 0.0000000000000000e+00 	 0.0000000000000000e+00 	 0.0000000000000000e+00 	 4.7273861246483231e+10

	 2.0273093064622346e+03 	 0.0000000000000000e+00 	 0.0000000000000000e+00 	 0.0000000000000000e+00 	 0.0000000000000000e+00 	 1.7662901496595669e+02
	 0.0000000000000000e+00 	 2.0273093064622346e+03 	 0.0000000000000000e+00 	 0.0000000000000000e+00 	 0.0000000000000000e+00 	 2.3834272694334910e+01
	 0.0000000000000000e+00 	 0.0000000000000000e+00 	 2.0273093064622346e+03 	 -1.7662901496595669e+02 	 -2.3834272694334910e+01 	 0.0000000000000000e+00
	 0.0000000000000000e+00 	 0.0000000000000000e+00 	 -1.7662901496595669e+02 	 6.2957655641745814e+03 	 -7.8309742862218911e+01 	 0.0000000000000000e+00
	 0.0000000000000000e+00 	 0.0000000000000000e+00 	 -2.3834272694334910e+01 	 -7.8309742862218911e+01 	 4.9594072023622039e+03 	 0.0000000000000000e+00
	 1.7662901496595669e+02 	 2.3834272694334910e+01 	 0.0000000000000000e+00 	 0.0000000000000000e+00 	 0.0000000000000000e+00 	 1.1255172766536780e+04

	 0.070000 
	 3.2417697627964239e+09 	 -6.1062124154223606e+05 	 0.0000000000000000e+00 	 0.0000000000000000e+00 	 0.0000000000000000e+00 	 5.6349221832046688e+08
	 -6.1062124164991337e+05 	 4.6723969837866325e+09 	 0.0000000000000000e+00 	 0.0000000000000000e+00 	 0.0000000000000000e+00 	 6.3653612003023110e+07
	 0.0000000000000000e+00 	 0.0000000000000000e+00 	 2.9918120238430378e+10 	 -3.7075769032863598e+09 	 -4.0359643207767111e+08 	 0.0000000000000000e+00
	 0.0000000000000000e+00 	 0.0000000000000000e+00 	 -3.7075769032853789e+09 	 8.5548862189887451e+10 	 -4.1811856967102151e+09 	 0.0000000000000000e+00
	 0.0000000000000000e+00 	 0.0000000000000000e+00 	 -4.0359643207822382e+08 	 -4.1811856967114744e+09 	 7.2344033374650024e+10 	 0.0000000000000000e+00
	 5.6349221832035422e+08 	 6.3653612003070951e+07 	 0.0000000000000000e+00 	 0.0000000000000000e+00 	 0.0000000000000000e+00 	 4.1272518745966728e+10

	 1.8676642075312204e+03 	 0.0000000000000000e+00 	 0.0000000000000000e+00 	 0.0000000000000000e+00 	 0.0000000000000000e+00 	 2.0350062780420652e+02
	 0.0000000000000000e+00 	 1.8676642075312204e+03 	 0.0000000000000000e+00 	 0.0000000000000000e+00 	 0.0000000000000000e+00 	 2.5108118103205253e+01
	 0.0000000000000000e+00 	 0.0000000000000000e+00 	 1.8676642075312204e+03 	 -2.0350062780420652e+02 	 -2.5108118103205253e+01 	 0.0000000000000000e+00
	 0.0000000000000000e+00 	 0.0000000000000000e+00 	 -2.0350062780420652e+02 	 5.7498522923464834e+03 	 -8.8435364873898394e+01 	 0.0000000000000000e+00
	 0.0000000000000000e+00 	 0.0000000000000000e+00 	 -2.5108118103205253e+01 	 -8.8435364873898394e+01 	 4.2356017753353426e+03 	 0.0000000000000000e+00
	 2.0350062780420652e+02 	 2.5108118103205253e+01 	 0.0000000000000000e+00 	 0.0000000000000000e+00 	 0.0000000000000000e+00 	 9.9854540676818324e+03

	 0.080000 
	 2.7933653089791918e+09 	 -6.1073547596173696e+06 	 0.0000000000000000e+00 	 0.0000000000000000e+00 	 0.0000000000000000e+00 	 6.4424550057946491e+08
	 -6.1073547600280931e+06 	 4.4229375011974411e+09 	 0.0000000000000000e+00 	 0.0000000000000000e+00 	 0.0000000000000000e+00 	 6.7180065697524309e+07
	 0.0000000000000000e+00 	 0.0000000000000000e+00 	 2.8367636140645195e+10 	 -4.3402756646797762e+09 	 -4.1225755061944783e+08 	 0.0000000000000000e+00
	 0.0000000000000000e+00 	 0.0000000000000000e+00 	 -4.3402756646797771e+09 	 7.8264086435155457e+10 	 -4.7094497960866852e+09 	 0.0000000000000000e+00
	 0.0000000000000000e+00 	 0.0000000000000000e+00 	 -4.1225755062011153e+08 	 -4.7094497960863590e+09 	 6.4639560661613243e+10 	 0.0000000000000000e+00
	 6.4424550057949209e+08 	 6.7180065697569117e+07 	 0.0000000000000000e+00 	 0.0000000000000000e+00 	 0.0000000000000000e+00 	 3.5747335191934143e+10

	 1.7170021266137996e+03 	 0.0000000000000000e+00 	 0.0000000000000000e+00 	 0.0000000000000000e+00 	 0.0000000000000000e+00 	 2.2380761068032558e+02
	 0.0000000000000000e+00 	 1.7170021266137996e+03 	 0.0000000000000000e+00 	 0.0000000000000000e+00 	 0.0000000000000000e+00 	 2.5947906477619028e+01
	 0.0000000000000000e+00 	 0.0000000000000000e+00 	 1.7170021266137996e+03 	 -2.2380761068032558e+02 	 -2.5947906477619028e+01 	 0.0000000000000000e+00
	 0.0000000000000000e+00 	 0.0000000000000000e+00 	 -2.2380761068032558e+02 	 5.2371454260952105e+03 	 -9.6052052689610562e+01 	 0.0000000000000000e+00
	 0.0000000000000000e+00 	 0.0000000000000000e+00 	 -2.5947906477619028e+01 	 -9.6052052689610562e+01 	 3.5962099353579633e+03 	 0.0000000000000000e+00
	 2.2380761068032558e+02 	 2.5947906477619028e+01 	 0.0000000000000000e+00 	 0.0000000000000000e+00 	 0.0000000000000000e+00 	 8.8333553614531811e+03

	 0.090000 
	 2.4340010657626801e+09 	 -1.7166786324614447e+07 	 0.0000000000000000e+00 	 0.0000000000000000e+00 	 0.0000000000000000e+00 	 7.2125920985025382e+08
	 -1.7166786324672263e+07 	 4.2563622905704532e+09 	 0.0000000000000000e+00 	 0.0000000000000000e+00 	 0.0000000000000000e+00 	 2.3210727143623203e+08
	 0.0000000000000000e+00 	 0.0000000000000000e+00 	 2.8866117216799297e+10 	 -5.1730802069671869e+09 	 -2.5728287489550457e+09 	 0.0000000000000000e+00
	 0.0000000000000000e+00 	 0.0000000000000000e+00 	 -5.1730802069681282e+09 	 7.7779092729284225e+10 	 -4.6565148401941404e+09 	 0.0000000000000000e+00
	 0.0000000000000000e+00 	 0.0000000000000000e+00 	 -2.5728287489550610e+09 	 -4.6565148401937189e+09 	 6.1239812245201241e+10 	 0.0000000000000000e+00
	 7.2125920985030830e+08 	 2.3210727143636155e+08 	 0.0000000000000000e+00 	 0.0000000000000000e+00 	 0.0000000000000000e+00 	 3.1305971419568302e+10

	 1.6541712650249976e+03 	 0.0000000000000000e+00 	 0.0000000000000000e+00 	 0.0000000000000000e+00 	 0.0000000000000000e+00 	 2.4666444665371654e+02
	 0.0000000000000000e+00 	 1.6541712650249976e+03 	 0.0000000000000000e+00 	 0.0000000000000000e+00 	 0.0000000000000000e+00 	 1.1774620659583830e+02
	 0.0000000000000000e+00 	 0.0000000000000000e+00 	 1.6541712650249976e+03 	 -2.4666444665371654e+02 	 -1.1774620659583830e+02 	 0.0000000000000000e+00
	 0.0000000000000000e+00 	 0.0000000000000000e+00 	 -2.4666444665371654e+02 	 5.0244306579994081e+03 	 -8.1211850105647343e+01 	 0.0000000000000000e+00
	 0.0000000000000000e+00 	 0.0000000000000000e+00 	 -1.1774620659583830e+02 	 -8.1211850105647343e+01 	 3.1768644363384565e+03 	 0.0000000000000000e+00
	 2.4666444665371654e+02 	 1.1774620659583830e+02 	 0.0000000000000000e+00 	 0.0000000000000000e+00 	 0.0000000000000000e+00 	 8.2012950943378619e+03

	 0.100000 
	 2.4198404243773232e+09 	 1.0735367997113271e+08 	 0.0000000000000000e+00 	 0.0000000000000000e+00 	 0.0000000000000000e+00 	 9.1280260433808029e+08
	 1.0735367997078979e+08 	 3.9806784652583442e+09 	 0.0000000000000000e+00 	 0.0000000000000000e+00 	 0.0000000000000000e+00 	 1.3294526121429609e+08
	 0.0000000000000000e+00 	 0.0000000000000000e+00 	 2.6952492840519939e+10 	 -5.1478456473677282e+09 	 -3.9431592391833472e+08 	 0.0000000000000000e+00
	 0.0000000000000000e+00 	 0.0000000000000000e+00 	 -5.1478456473682184e+09 	 6.8125298450380203e+10 	 -5.7503973867436781e+09 	 0.0000000000000000e+00
	 0.0000000000000000e+00 	 0.0000000000000000e+00 	 -3.9431592391699690e+08 	 -5.7503973867456083e+09 	 5.2329021365162552e+10 	 0.0000000000000000e+00
	 9.1280260433850968e+08 	 1.3294526121456221e+08 	 0.0000000000000000e+00 	 0.0000000000000000e+00 	 0.0000000000000000e+00 	 2.5629151698715611e+10

	 1.6864481145094010e+03 	 0.0000000000000000e+00 	 0.0000000000000000e+00 	 0.0000000000000000e+00 	 0.0000000000000000e+00 	 2.8840294225885009e+02
	 0.0000000000000000e+00 	 1.6864481145094010e+03 	 0.0000000000000000e+00 	 0.0000000000000000e+00 	 0.0000000000000000e+00 	 2.7720866013748264e+01
	 0.0000000000000000e+00 	 0.0000000000000000e+00 	 1.6864481145094010e+03 	 -2.8840294225885009e+02 	 -2.7720866013748264e+01 	 0.0000000000000000e+00
	 0.0000000000000000e+00 	 0.0000000000000000e+00 	 -2.8840294225885009e+02 	 4.6684588681825908e+03 	 -1.4756988760743366e+02 	 0.0000000000000000e+00
	 0.0000000000000000e+00 	 0.0000000000000000e+00 	 -2.7720866013748264e+01 	 -1.4756988760743366e+02 	 2.7993340478097703e+03 	 0.0000000000000000e+00
	 2.8840294225885009e+02 	 2.7720866013748264e+01 	 0.0000000000000000e+00 	 0.0000000000000000e+00 	 0.0000000000000000e+00 	 7.4677929159923669e+03

	 0.110000 
	 2.0432952685697093e+09 	 9.8863169734040007e+07 	 0.0000000000000000e+00 	 0.0000000000000000e+00 	 0.0000000000000000e+00 	 9.3959303919967008e+08
	 9.8863169733832940e+07 	 3.6833015215953712e+09 	 0.0000000000000000e+00 	 0.0000000000000000e+00 	 0.0000000000000000e+00 	 1.3937091178054357e+08
	 0.0000000000000000e+00 	 0.0000000000000000e+00 	 2.5547691428452534e+10 	 -5.4512623155660362e+09 	 -3.8249873022058606e+08 	 0.0000000000000000e+00
	 0.0000000000000000e+00 	 0.0000000000000000e+00 	 -5.4512623155656700e+09 	 6.2671516779527847e+10 	 -5.6196194293976202e+09 	 0.0000000000000000e+00
	 0.0000000000000000e+00 	 0.0000000000000000e+00 	 -3.8249873022164100e+08 	 -5.6196194293971109e+09 	 4.6031186717744080e+10 	 0.0000000000000000e+00
	 9.3959303919964147e+08 	 1.3937091178043073e+08 	 0.0000000000000000e+00 	 0.0000000000000000e+00 	 0.0000000000000000e+00 	 2.1381034504270878e+10

	 1.5252807750422498e+03 	 0.0000000000000000e+00 	 0.0000000000000000e+00 	 0.0000000000000000e+00 	 0.0000000000000000e+00 	 2.7651135688814884e+02
	 0.0000000000000000e+00 	 1.5252807750422498e+03 	 0.0000000000000000e+00 	 0.0000000000000000e+00 	 0.0000000000000000e+00 	 2.7057118198476704e+01
	 0.0000000000000000e+00 	 0.0000000000000000e+00 	 1.5252807750422498e+03 	 -2.7651135688814884e+02 	 -2.7057118198476704e+01 	 0.0000000000000000e+00
	 0.0000000000000000e+00 	 0.0000000000000000e+00 	 -2.7651135688814884e+02 	 4.2410149914619278e+03 	 -1.2706432815355642e+02 	 0.0000000000000000e+00
	 0.0000000000000000e+00 	 0.0000000000000000e+00 	 -2.7057118198476704e+01 	 -1.2706432815355642e+02 	 2.2781393091420782e+03 	 0.0000000000000000e+00
	 2.7651135688814884e+02 	 2.7057118198476704e+01 	 0.0000000000000000e+00 	 0.0000000000000000e+00 	 0.0000000000000000e+00 	 6.5191543006040038e+03

	 0.120000 
	 1.6990361006012731e+09 	 9.1664436512416258e+07 	 0.0000000000000000e+00 	 0.0000000000000000e+00 	 0.0000000000000000e+00 	 9.3350075102898979e+08
	 9.1664436513263226e+07 	 3.3606657032556553e+09 	 0.0000000000000000e+00 	 0.0000000000000000e+00 	 0.0000000000000000e+00 	 1.5372837201930916e+08
	 0.0000000000000000e+00 	 0.0000000000000000e+00 	 2.4370969676435982e+10 	 -5.8689521769505234e+09 	 -4.3179362837228179e+08 	 0.0000000000000000e+00
	 0.0000000000000000e+00 	 0.0000000000000000e+00 	 -5.8689521769520283e+09 	 5.7387537544156639e+10 	 -5.4532673786582842e+09 	 0.0000000000000000e+00
	 0.0000000000000000e+00 	 0.0000000000000000e+00 	 -4.3179362837574631e+08 	 -5.4532673786702347e+09 	 4.0777874616531540e+10 	 0.0000000000000000e+00
	 9.3350075102934015e+08 	 1.5372837201649395e+08 	 0.0000000000000000e+00 	 0.0000000000000000e+00 	 0.0000000000000000e+00 	 1.7484675320409363e+10

	 1.3814043511294090e+03 	 0.0000000000000000e+00 	 0.0000000000000000e+00 	 0.0000000000000000e+00 	 0.0000000000000000e+00 	 2.6543973499067835e+02
	 0.0000000000000000e+00 	 1.3814043511294090e+03 	 0.0000000000000000e+00 	 0.0000000000000000e+00 	 0.0000000000000000e+00 	 2.8055908172513597e+01
	 0.0000000000000000e+00 	 0.0000000000000000e+00 	 1.3814043511294090e+03 	 -2.6543973499067835e+02 	 -2.8055908172513597e+01 	 0.0000000000000000e+00
	 0.0000000000000000e+00 	 0.0000000000000000e+00 	 -2.6543973499067835e+02 	 3.8259431554152052e+03 	 -1.1543268711218128e+02 	 0.0000000000000000e+00
	 0.0000000000000000e+00 	 0.0000000000000000e+00 	 -2.8055908172513597e+01 	 -1.1543268711218128e+02 	 1.8596162780977893e+03 	 0.0000000000000000e+00
	 2.6543973499067835e+02 	 2.8055908172513597e+01 	 0.0000000000000000e+00 	 0.0000000000000000e+00 	 0.0000000000000000e+00 	 5.6855594335129899e+03

	 0.140000 
	 1.1380135765950406e+09 	 7.9902141207319438e+07 	 0.0000000000000000e+00 	 0.0000000000000000e+00 	 0.0000000000000000e+00 	 8.5938425981968343e+08
	 7.9902141207452118e+07 	 2.6907896664765167e+09 	 0.0000000000000000e+00 	 0.0000000000000000e+00 	 0.0000000000000000e+00 	 1.5207962774517691e+08
	 0.0000000000000000e+00 	 0.0000000000000000e+00 	 2.2449142606986511e+10 	 -7.0030962541311197e+09 	 -2.4771397627825183e+08 	 0.0000000000000000e+00
	 0.0000000000000000e+00 	 0.0000000000000000e+00 	 -7.0030962541303787e+09 	 4.8561104464117638e+10 	 -5.1201331233595324e+09 	 0.0000000000000000e+00
	 0.0000000000000000e+00 	 0.0000000000000000e+00 	 -2.4771397627758738e+08 	 -5.1201331233594408e+09 	 3.1760181675348057e+10 	 0.0000000000000000e+00
	 8.5938425981995761e+08 	 1.5207962774514496e+08 	 0.0000000000000000e+00 	 0.0000000000000000e+00 	 0.0000000000000000e+00 	 1.1100345878279800e+10

	 1.1221598940925198e+03 	 0.0000000000000000e+00 	 0.0000000000000000e+00 	 0.0000000000000000e+00 	 0.0000000000000000e+00 	 2.3503787865685010e+02
	 0.0000000000000000e+00 	 1.1221598940925198e+03 	 0.0000000000000000e+00 	 0.0000000000000000e+00 	 0.0000000000000000e+00 	 2.3533753821658458e+01
	 0.0000000000000000e+00 	 0.0000000000000000e+00 	 1.1221598940925198e+03 	 -2.3503787865685010e+02 	 -2.3533753821658458e+01 	 0.0000000000000000e+00
	 0.0000000000000000e+00 	 0.0000000000000000e+00 	 -2.3503787865685010e+02 	 3.0842233738744080e+03 	 -9.7107915978837468e+01 	 0.0000000000000000e+00
	 0.0000000000000000e+00 	 0.0000000000000000e+00 	 -2.3533753821658458e+01 	 -9.7107915978837468e+01 	 1.2005468853705806e+03 	 0.0000000000000000e+00
	 2.3503787865685010e+02 	 2.3533753821658458e+01 	 0.0000000000000000e+00 	 0.0000000000000000e+00 	 0.0000000000000000e+00 	 4.2847702592449732e+03

	 0.160000 
	 7.8755557178613746e+08 	 7.2896299347123429e+07 	 0.0000000000000000e+00 	 0.0000000000000000e+00 	 0.0000000000000000e+00 	 7.1237570267378616e+08
	 7.2896299346787661e+07 	 1.9932502320492976e+09 	 0.0000000000000000e+00 	 0.0000000000000000e+00 	 0.0000000000000000e+00 	 1.4812919706669080e+08
	 0.0000000000000000e+00 	 0.0000000000000000e+00 	 2.0927707966356400e+10 	 -8.2019720927397594e+09 	 -1.9498804111241439e+08 	 0.0000000000000000e+00
	 0.0000000000000000e+00 	 0.0000000000000000e+00 	 -8.2019720927404499e+09 	 4.1934303753237511e+10 	 -4.5972405769442310e+09 	 0.0000000000000000e+00
	 0.0000000000000000e+00 	 0.0000000000000000e+00 	 -1.9498804111247143e+08 	 -4.5972405769438581e+09 	 2.6457660246447018e+10 	 0.0000000000000000e+00
	 7.1237570267386150e+08 	 1.4812919706676307e+08 	 0.0000000000000000e+00 	 0.0000000000000000e+00 	 0.0000000000000000e+00 	 7.0801905186072454e+09

	 9.0529267749700227e+02 	 0.0000000000000000e+00 	 0.0000000000000000e+00 	 0.0000000000000000e+00 	 0.0000000000000000e+00 	 1.9883712322523618e+02
	 0.0000000000000000e+00 	 9.0529267749700227e+02 	 0.0000000000000000e+00 	 0.0000000000000000e+00 	 0.0000000000000000e+00 	 2.0430883946113031e+01
	 0.0000000000000000e+00 	 0.0000000000000000e+00 	 9.0529267749700227e+02 	 -1.9883712322523618e+02 	 -2.0430883946113031e+01 	 0.0000000000000000e+00
	 0.0000000000000000e+00 	 0.0000000000000000e+00 	 -1.9883712322523618e+02 	 2.4696758159106525e+03 	 -7.8905693912497199e+01 	 0.0000000000000000e+00
	 0.0000000000000000e+00 	 0.0000000000000000e+00 	 -2.0430883946113031e+01 	 -7.8905693912497199e+01 	 8.1840798807620263e+02 	 0.0000000000000000e+00
	 1.9883712322523618e+02 	 2.0430883946113031e+01 	 0.0000000000000000e+00 	 0.0000000000000000e+00 	 0.0000000000000000e+00 	 3.2880838039868604e+03

	 0.180000 
	 5.8704318349655509e+08 	 6.4562269718228094e+07 	 0.0000000000000000e+00 	 0.0000000000000000e+00 	 0.0000000000000000e+00 	 5.7284843255918169e+08
	 6.4562269718091533e+07 	 1.4003564046360316e+09 	 0.0000000000000000e+00 	 0.0000000000000000e+00 	 0.0000000000000000e+00 	 1.3672903980377859e+08
	 0.0000000000000000e+00 	 0.0000000000000000e+00 	 2.0072626061102234e+10 	 -9.5258720432681503e+09 	 -2.3586357317524603e+08 	 0.0000000000000000e+00
	 0.0000000000000000e+00 	 0.0000000000000000e+00 	 -9.5258720432685699e+09 	 3.7985100217990227e+10 	 -4.0414270173314586e+09 	 0.0000000000000000e+00
	 0.0000000000000000e+00 	 0.0000000000000000e+00 	 -2.3586357317469221e+08 	 -4.0414270173318491e+09 	 2.4049982396174767e+10 	 0.0000000000000000e+00
	 5.7284843255930138e+08 	 1.3672903980383551e+08 	 0.0000000000000000e+00 	 0.0000000000000000e+00 	 0.0000000000000000e+00 	 4.7423877215951920e+09

	 7.4661207890089406e+02 	 0.0000000000000000e+00 	 0.0000000000000000e+00 	 0.0000000000000000e+00 	 0.0000000000000000e+00 	 1.6785445876296231e+02
	 0.0000000000000000e+00 	 7.4661207890089406e+02 	 0.0000000000000000e+00 	 0.0000000000000000e+00 	 0.0000000000000000e+00 	 1.9175420857457844e+01
	 0.0000000000000000e+00 	 0.0000000000000000e+00 	 7.4661207890089406e+02 	 -1.6785445876296231e+02 	 -1.9175420857457844e+01 	 0.0000000000000000e+00
	 0.0000000000000000e+00 	 0.0000000000000000e+00 	 -1.6785445876296231e+02 	 2.0219690930727720e+03 	 -6.5680054211625858e+01 	 0.0000000000000000e+00
	 0.0000000000000000e+00 	 0.0000000000000000e+00 	 -1.9175420857457844e+01 	 -6.5680054211625858e+01 	 6.1524653421191101e+02 	 0.0000000000000000e+00
	 1.6785445876296231e+02 	 1.9175420857457844e+01 	 0.0000000000000000e+00 	 0.0000000000000000e+00 	 0.0000000000000000e+00 	 2.6372156272846937e+03

	 0.200000 
	 4.5135936761129123e+08 	 5.3149927345071077e+07 	 0.0000000000000000e+00 	 0.0000000000000000e+00 	 0.0000000000000000e+00 	 4.6970832661423367e+08
	 5.3149927345171794e+07 	 9.8100495651344204e+08 	 0.0000000000000000e+00 	 0.0000000000000000e+00 	 0.0000000000000000e+00 	 1.1653678223831446e+08
	 0.0000000000000000e+00 	 0.0000000000000000e+00 	 1.9745737897771538e+10 	 -1.0793874465450794e+10 	 -2.6599271123234552e+08 	 0.0000000000000000e+00
	 0.0000000000000000e+00 	 0.0000000000000000e+00 	 -1.0793874465462254e+10 	 3.6242027931219521e+10 	 -3.3172132113581443e+09 	 0.0000000000000000e+00
	 0.0000000000000000e+00 	 0.0000000000000000e+00 	 -2.6599271123455751e+08 	 -3.3172132113621173e+09 	 2.1658786750975899e+10 	 0.0000000000000000e+00
	 4.6970832661435550e+08 	 1.1653678222600409e+08 	 0.0000000000000000e+00 	 0.0000000000000000e+00 	 0.0000000000000000e+00 	 3.1723325268313842e+09

	 6.3987155519126463e+02 	 0.0000000000000000e+00 	 0.0000000000000000e+00 	 0.0000000000000000e+00 	 0.0000000000000000e+00 	 1.3798848757971220e+02
	 0.0000000000000000e+00 	 6.3987155519126463e+02 	 0.0000000000000000e+00 	 0.0000000000000000e+00 	 0.0000000000000000e+00 	 1.8000851236215755e+01
	 0.0000000000000000e+00 	 0.0000000000000000e+00 	 6.3987155519126463e+02 	 -1.3798848757971220e+02 	 -1.8000851236215755e+01 	 0.0000000000000000e+00
	 0.0000000000000000e+00 	 0.0000000000000000e+00 	 -1.3798848757971220e+02 	 1.7337147767473939e+03 	 -5.4265906729491739e+01 	 0.0000000000000000e+00
	 0.0000000000000000e+00 	 0.0000000000000000e+00 	 -1.8000851236215755e+01 	 -5.4265906729491739e+01 	 4.7123868367784394e+02 	 0.0000000000000000e+00
	 1.3798848757971220e+02 	 1.8000851236215755e+01 	 0.0000000000000000e+00 	 0.0000000000000000e+00 	 0.0000000000000000e+00 	 2.2049534604252344e+03

	 0.225000 
	 3.4710633960852540e+08 	 3.8566706911484614e+07 	 0.0000000000000000e+00 	 0.0000000000000000e+00 	 0.0000000000000000e+00 	 3.8695679320077711e+08
	 3.8566706912119076e+07 	 6.8614690669711733e+08 	 0.0000000000000000e+00 	 0.0000000000000000e+00 	 0.0000000000000000e+00 	 9.3545980699788690e+07
	 0.0000000000000000e+00 	 0.0000000000000000e+00 	 1.9760275604974861e+10 	 -1.1768136752120163e+10 	 -2.7612758730646247e+08 	 0.0000000000000000e+00
	 0.0000000000000000e+00 	 0.0000000000000000e+00 	 -1.1768136752120888e+10 	 3.6494625162059898e+10 	 -2.4201112210641737e+09 	 0.0000000000000000e+00
	 0.0000000000000000e+00 	 0.0000000000000000e+00 	 -2.7612758730613434e+08 	 -2.4201112210642586e+09 	 1.8411443679774292e+10 	 0.0000000000000000e+00
	 3.8695679320043939e+08 	 9.3545980699184015e+07 	 0.0000000000000000e+00 	 0.0000000000000000e+00 	 0.0000000000000000e+00 	 2.0456895401980031e+09

	 5.6307010506590609e+02 	 0.0000000000000000e+00 	 0.0000000000000000e+00 	 0.0000000000000000e+00 	 0.0000000000000000e+00 	 1.0794302282457296e+02
	 0.0000000000000000e+00 	 5.6307010506590609e+02 	 0.0000000000000000e+00 	 0.0000000000000000e+00 	 0.0000000000000000e+00 	 1.7227128097618500e+01
	 0.0000000000000000e+00 	 0.0000000000000000e+00 	 5.6307010506590609e+02 	 -1.0794302282457296e+02 	 -1.7227128097618500e+01 	 0.0000000000000000e+00
	 0.0000000000000000e+00 	 0.0000000000000000e+00 	 -1.0794302282457296e+02 	 1.5412853909834650e+03 	 -4.4162509104297349e+01 	 0.0000000000000000e+00
	 0.0000000000000000e+00 	 0.0000000000000000e+00 	 -1.7227128097618500e+01 	 -4.4162509104297349e+01 	 3.4858532641572970e+02 	 0.0000000000000000e+00
	 1.0794302282457296e+02 	 1.7227128097618500e+01 	 0.0000000000000000e+00 	 0.0000000000000000e+00 	 0.0000000000000000e+00 	 1.8898707173992011e+03

	 0.250000 
	 2.8996364228833359e+08 	 2.7453976766399749e+07 	 0.0000000000000000e+00 	 0.0000000000000000e+00 	 0.0000000000000000e+00 	 3.2716421158526331e+08
	 2.7453976765837520e+07 	 5.2730084942472595e+08 	 0.0000000000000000e+00 	 0.0000000000000000e+00 	 0.0000000000000000e+00 	 7.2745147167743951e+07
	 0.0000000000000000e+00 	 0.0000000000000000e+00 	 1.9836626471200466e+10 	 -1.2735630664707863e+10 	 -2.6951070894677508e+08 	 0.0000000000000000e+00
	 0.0000000000000000e+00 	 0.0000000000000000e+00 	 -1.2735630664708759e+10 	 3.5493728403941422e+10 	 -1.6700926241131265e+09 	 0.0000000000000000e+00
	 0.0000000000000000e+00 	 0.0000000000000000e+00 	 -2.6951070894757390e+08 	 -1.6700926241127338e+09 	 1.5478269349379004e+10 	 0.0000000000000000e+00
	 3.2716421158480871e+08 	 7.2745147168384463e+07 	 0.0000000000000000e+00 	 0.0000000000000000e+00 	 0.0000000000000000e+00 	 1.4111090636568582e+09

	 5.1468984571748445e+02 	 0.0000000000000000e+00 	 0.0000000000000000e+00 	 0.0000000000000000e+00 	 0.0000000000000000e+00 	 9.9551314013672069e+01
	 0.0000000000000000e+00 	 5.1468984571748445e+02 	 0.0000000000000000e+00 	 0.0000000000000000e+00 	 0.0000000000000000e+00 	 1.6322749925767695e+01
	 0.0000000000000000e+00 	 0.0000000000000000e+00 	 5.1468984571748445e+02 	 -9.9551314013672069e+01 	 -1.6322749925767695e+01 	 0.0000000000000000e+00
	 0.0000000000000000e+00 	 0.0000000000000000e+00 	 -9.9551314013672069e+01 	 1.3682331541568824e+03 	 -3.6416185046063539e+01 	 0.0000000000000000e+00
	 0.0000000000000000e+00 	 0.0000000000000000e+00 	 -1.6322749925767695e+01 	 -3.6416185046063539e+01 	 2.6810956569201636e+02 	 0.0000000000000000e+00
	 9.9551314013672069e+01 	 1.6322749925767695e+01 	 0.0000000000000000e+00 	 0.0000000000000000e+00 	 0.0000000000000000e+00 	 1.6363427198489039e+03

	 0.300000 
	 2.3190447523459589e+08 	 1.2757349169333635e+07 	 0.0000000000000000e+00 	 0.0000000000000000e+00 	 0.0000000000000000e+00 	 2.6771400222699896e+08
	 1.2757349169375638e+07 	 3.6982636348904699e+08 	 0.0000000000000000e+00 	 0.0000000000000000e+00 	 0.0000000000000000e+00 	 4.7775514934488401e+07
	 0.0000000000000000e+00 	 0.0000000000000000e+00 	 2.0598210948650684e+10 	 -1.3859628725314003e+10 	 -2.5768075653069377e+08 	 0.0000000000000000e+00
	 0.0000000000000000e+00 	 0.0000000000000000e+00 	 -1.3859628725313101e+10 	 3.4031182195686909e+10 	 -8.1541213027366936e+08 	 0.0000000000000000e+00
	 0.0000000000000000e+00 	 0.0000000000000000e+00 	 -2.5768075653114420e+08 	 -8.1541213027453375e+08 	 1.3127529276662636e+10 	 0.0000000000000000e+00
	 2.6771400222711873e+08 	 4.7775514935042284e+07 	 0.0000000000000000e+00 	 0.0000000000000000e+00 	 0.0000000000000000e+00 	 9.3307856412146842e+08

	 4.6733498219307967e+02 	 0.0000000000000000e+00 	 0.0000000000000000e+00 	 0.0000000000000000e+00 	 0.0000000000000000e+00 	 8.4270180744703140e+01
	 0.0000000000000000e+00 	 4.6733498219307967e+02 	 0.0000000000000000e+00 	 0.0000000000000000e+00 	 0.0000000000000000e+00 	 1.3021006109782260e+01
	 0.0000000000000000e+00 	 0.0000000000000000e+00 	 4.6733498219307967e+02 	 -8.4270180744703140e+01 	 -1.3021006109782260e+01 	 0.0000000000000000e+00
	 0.0000000000000000e+00 	 0.0000000000000000e+00 	 -8.4270180744703140e+01 	 1.1430280844310143e+03 	 -2.2101168134444123e+01 	 0.0000000000000000e+00
	 0.0000000000000000e+00 	 0.0000000000000000e+00 	 -1.3021006109782260e+01 	 -2.2101168134444123e+01 	 2.0253007768911695e+02 	 0.0000000000000000e+00
	 8.4270180744703140e+01 	 1.3021006109782260e+01 	 0.0000000000000000e+00 	 0.0000000000000000e+00 	 0.0000000000000000e+00 	 1.3455581621201422e+03

	 0.350000 
	 1.8771177423389134e+08 	 4.5462077615907853e+06 	 0.0000000000000000e+00 	 0.0000000000000000e+00 	 0.0000000000000000e+00 	 2.0501013548910692e+08
	 4.5462077618489433e+06 	 3.4009418060015452e+08 	 0.0000000000000000e+00 	 0.0000000000000000e+00 	 0.0000000000000000e+00 	 3.4732324501659296e+07
	 0.0000000000000000e+00 	 0.0000000000000000e+00 	 2.1249199216523155e+10 	 -1.3856064461552292e+10 	 -2.0336489371873692e+08 	 0.0000000000000000e+00
	 0.0000000000000000e+00 	 0.0000000000000000e+00 	 -1.3856064461551533e+10 	 3.1197466376222500e+10 	 -3.0262282097293824e+08 	 0.0000000000000000e+00
	 0.0000000000000000e+00 	 0.0000000000000000e+00 	 -2.0336489371902704e+08 	 -3.0262282097303230e+08 	 1.0549510823245874e+10 	 0.0000000000000000e+00
	 2.0501013548934737e+08 	 3.4732324501753740e+07 	 0.0000000000000000e+00 	 0.0000000000000000e+00 	 0.0000000000000000e+00 	 6.7777645823318708e+08

	 4.4645451777997260e+02 	 0.0000000000000000e+00 	 0.0000000000000000e+00 	 0.0000000000000000e+00 	 0.0000000000000000e+00 	 6.6851421366304464e+01
	 0.0000000000000000e+00 	 4.4645451777997260e+02 	 0.0000000000000000e+00 	 0.0000000000000000e+00 	 0.0000000000000000e+00 	 1.0336185473488282e+01
	 0.0000000000000000e+00 	 0.0000000000000000e+00 	 4.4645451777997260e+02 	 -6.6851421366304464e+01 	 -1.0336185473488282e+01 	 0.0000000000000000e+00
	 0.0000000000000000e+00 	 0.0000000000000000e+00 	 -6.6851421366304464e+01 	 9.6784361387808167e+02 	 -1.3993727939630901e+01 	 0.0000000000000000e+00
	 0.0000000000000000e+00 	 0.0000000000000000e+00 	 -1.0336185473488282e+01 	 -1.3993727939630901e+01 	 1.5308935340480699e+02 	 0.0000000000000000e+00
	 6.6851421366304464e+01 	 1.0336185473488282e+01 	 0.0000000000000000e+00 	 0.0000000000000000e+00 	 0.0000000000000000e+00 	 1.1209329672828842e+03

	 0.400000 
	 1.6097983963266945e+08 	 3.7461088801227710e+06 	 0.0000000000000000e+00 	 0.0000000000000000e+00 	 0.0000000000000000e+00 	 1.7080803162166053e+08
	 3.7461088801047863e+06 	 3.2938758521311581e+08 	 0.0000000000000000e+00 	 0.0000000000000000e+00 	 0.0000000000000000e+00 	 2.7136069183804918e+07
	 0.0000000000000000e+00 	 0.0000000000000000e+00 	 2.0870870019377472e+10 	 -1.3947353057534172e+10 	 -8.9171612110576451e+07 	 0.0000000000000000e+00
	 0.0000000000000000e+00 	 0.0000000000000000e+00 	 -1.3947353057534256e+10 	 2.7103586921543545e+10 	 -2.4792326298049420e+08 	 0.0000000000000000e+00
	 0.0000000000000000e+00 	 0.0000000000000000e+00 	 -8.9171612110475183e+07 	 -2.4792326298039216e+08 	 8.4106004651413908e+09 	 0.0000000000000000e+00
	 1.7080803162157872e+08 	 2.7136069183711361e+07 	 0.0000000000000000e+00 	 0.0000000000000000e+00 	 0.0000000000000000e+00 	 5.3538861588935059e+08

