 ------- BEAMDYN V1.00.* INDIVIDUAL BLADE INPUT FILE --------------------------
 Test Format 1
 ---------------------- BLADE PARAMETERS --------------------------------------
28   station_total    - Number of blade input stations (-)
 1   damp_type        - Damping type: 0: no damping; 1: damped
  ---------------------- DAMPING COEFFICIENT------------------------------------
   mu1        mu2        mu3        mu4        mu5        mu6
   (-)        (-)        (-)        (-)        (-)        (-)
	 2.96836e-03 	 2.28198e-03 	 2.28198e-03 	 2.28198e-03 	 2.96836e-03 	 2.28198e-03
 ---------------------- DISTRIBUTED PROPERTIES---------------------------------
	 0.000000 
	 6.7403772856794968e+09 	 2.6586125772551736e+06 	 0.0000000000000000e+00 	 0.0000000000000000e+00 	 0.0000000000000000e+00 	 1.4844890085225362e+08
	 2.6586125757613508e+06 	 6.7290861122505751e+09 	 0.0000000000000000e+00 	 0.0000000000000000e+00 	 0.0000000000000000e+00 	 3.8994944742341079e+07
	 0.0000000000000000e+00 	 0.0000000000000000e+00 	 4.6051074627198578e+10 	 -1.0925093970069187e+09 	 1.8758036673635039e+07 	 0.0000000000000000e+00
	 0.0000000000000000e+00 	 0.0000000000000000e+00 	 -1.0925093970088437e+09 	 1.4962893279529752e+11 	 -2.2679290648393519e+07 	 0.0000000000000000e+00
	 0.0000000000000000e+00 	 0.0000000000000000e+00 	 1.8758036663773462e+07 	 -2.2679290638788778e+07 	 1.4972908281184009e+11 	 0.0000000000000000e+00
	 1.4844890085225829e+08 	 3.8994944742374904e+07 	 0.0000000000000000e+00 	 0.0000000000000000e+00 	 0.0000000000000000e+00 	 8.7489160242170776e+10

	 3.1274017982453661e+03 	 0.0000000000000000e+00 	 0.0000000000000000e+00 	 0.0000000000000000e+00 	 0.0000000000000000e+00 	 7.3933052559662514e+01
	 0.0000000000000000e+00 	 3.1274017982453661e+03 	 0.0000000000000000e+00 	 0.0000000000000000e+00 	 0.0000000000000000e+00 	 -2.2785755037735761e-01
	 0.0000000000000000e+00 	 0.0000000000000000e+00 	 3.1274017982453661e+03 	 -7.3933052559662514e+01 	 2.2785755037735761e-01 	 0.0000000000000000e+00
	 0.0000000000000000e+00 	 0.0000000000000000e+00 	 -7.3933052559662514e+01 	 1.0167970957979394e+04 	 1.0614369381066877e+00 	 0.0000000000000000e+00
	 0.0000000000000000e+00 	 0.0000000000000000e+00 	 2.2785755037735761e-01 	 1.0614369381066877e+00 	 1.0166284494605912e+04 	 0.0000000000000000e+00
	 7.3933052559662514e+01 	 -2.2785755037735761e-01 	 0.0000000000000000e+00 	 0.0000000000000000e+00 	 0.0000000000000000e+00 	 2.0334255452585247e+04

	 0.010000 
	 6.3840705661161470e+09 	 5.7788078492885921e+05 	 0.0000000000000000e+00 	 0.0000000000000000e+00 	 0.0000000000000000e+00 	 -9.5300885875632003e+07
	 5.7788078534034127e+05 	 6.3801905468284550e+09 	 0.0000000000000000e+00 	 0.0000000000000000e+00 	 0.0000000000000000e+00 	 3.6691255509864785e+07
	 0.0000000000000000e+00 	 0.0000000000000000e+00 	 4.3746566944972183e+10 	 5.7610209643259978e+08 	 4.5477721887237458e+06 	 0.0000000000000000e+00
	 0.0000000000000000e+00 	 0.0000000000000000e+00 	 5.7610209643416083e+08 	 1.4230792118993842e+11 	 -2.2973651151011273e+08 	 0.0000000000000000e+00
	 0.0000000000000000e+00 	 0.0000000000000000e+00 	 4.5477721916790111e+06 	 -2.2973651150926870e+08 	 1.4310620298893301e+11 	 0.0000000000000000e+00
	 -9.5300885875628829e+07 	 3.6691255509869948e+07 	 0.0000000000000000e+00 	 0.0000000000000000e+00 	 0.0000000000000000e+00 	 8.3221428390901764e+10

	 2.9645743477387427e+03 	 0.0000000000000000e+00 	 0.0000000000000000e+00 	 0.0000000000000000e+00 	 0.0000000000000000e+00 	 -3.9252441251580493e+01
	 0.0000000000000000e+00 	 2.9645743477387427e+03 	 0.0000000000000000e+00 	 0.0000000000000000e+00 	 0.0000000000000000e+00 	 -3.0618207406660253e-01
	 0.0000000000000000e+00 	 0.0000000000000000e+00 	 2.9645743477387427e+03 	 3.9252441251580493e+01 	 3.0618207406660253e-01 	 0.0000000000000000e+00
	 0.0000000000000000e+00 	 0.0000000000000000e+00 	 3.9252441251580493e+01 	 9.6694542323828118e+03 	 -9.4005116492391150e-01 	 0.0000000000000000e+00
	 0.0000000000000000e+00 	 0.0000000000000000e+00 	 3.0618207406660253e-01 	 -9.4005116492391150e-01 	 9.6763935197879600e+03 	 0.0000000000000000e+00
	 -3.9252441251580493e+01 	 -3.0618207406660253e-01 	 0.0000000000000000e+00 	 0.0000000000000000e+00 	 0.0000000000000000e+00 	 1.9345847752170754e+04

	 0.020000 
	 6.0327712115667706e+09 	 -5.3889609113513269e+06 	 0.0000000000000000e+00 	 0.0000000000000000e+00 	 0.0000000000000000e+00 	 -3.0071858769961816e+08
	 -5.3889609109475873e+06 	 6.0544705023315516e+09 	 0.0000000000000000e+00 	 0.0000000000000000e+00 	 0.0000000000000000e+00 	 5.3597727379782572e+06
	 0.0000000000000000e+00 	 0.0000000000000000e+00 	 4.1559777740206360e+10 	 2.0609555060269418e+09 	 -3.7950986645170681e+07 	 0.0000000000000000e+00
	 0.0000000000000000e+00 	 0.0000000000000000e+00 	 2.0609555060267360e+09 	 1.3517663703642999e+11 	 -5.9521831011545944e+08 	 0.0000000000000000e+00
	 0.0000000000000000e+00 	 0.0000000000000000e+00 	 -3.7950986644875154e+07 	 -5.9521831011468208e+08 	 1.3694537704326520e+11 	 0.0000000000000000e+00
	 -3.0071858769961041e+08 	 5.3597727379977955e+06 	 0.0000000000000000e+00 	 0.0000000000000000e+00 	 0.0000000000000000e+00 	 7.9085672818915131e+10

	 2.8047592223985639e+03 	 0.0000000000000000e+00 	 0.0000000000000000e+00 	 0.0000000000000000e+00 	 0.0000000000000000e+00 	 -1.4002745971115206e+02
	 0.0000000000000000e+00 	 2.8047592223985639e+03 	 0.0000000000000000e+00 	 0.0000000000000000e+00 	 0.0000000000000000e+00 	 2.2988025564365460e+00
	 0.0000000000000000e+00 	 0.0000000000000000e+00 	 2.8047592223985639e+03 	 1.4002745971115206e+02 	 -2.2988025564365460e+00 	 0.0000000000000000e+00
	 0.0000000000000000e+00 	 0.0000000000000000e+00 	 1.4002745971115206e+02 	 9.1814283321370458e+03 	 -5.8722088392449505e+00 	 0.0000000000000000e+00
	 0.0000000000000000e+00 	 0.0000000000000000e+00 	 -2.2988025564365460e+00 	 -5.8722088392449505e+00 	 9.1875204586767723e+03 	 0.0000000000000000e+00
	 -1.4002745971115206e+02 	 2.2988025564365460e+00 	 0.0000000000000000e+00 	 0.0000000000000000e+00 	 0.0000000000000000e+00 	 1.8368948790813822e+04

	 0.040000 
	 4.7994330327996855e+09 	 6.8171779487766903e+06 	 0.0000000000000000e+00 	 0.0000000000000000e+00 	 0.0000000000000000e+00 	 -4.0815821679626805e+08
	 6.8171779481002465e+06 	 5.4665268943293562e+09 	 0.0000000000000000e+00 	 0.0000000000000000e+00 	 0.0000000000000000e+00 	 2.8351762586146738e+07
	 0.0000000000000000e+00 	 0.0000000000000000e+00 	 3.6012806890191650e+10 	 3.2898091904519229e+09 	 -2.0274297490775380e+08 	 0.0000000000000000e+00
	 0.0000000000000000e+00 	 0.0000000000000000e+00 	 3.2898091904512849e+09 	 1.1213299781667264e+11 	 -2.0904013759216986e+09 	 0.0000000000000000e+00
	 0.0000000000000000e+00 	 0.0000000000000000e+00 	 -2.0274297490686336e+08 	 -2.0904013759222884e+09 	 1.0422351249358301e+11 	 0.0000000000000000e+00
	 -4.0815821679630905e+08 	 2.8351762586134110e+07 	 0.0000000000000000e+00 	 0.0000000000000000e+00 	 0.0000000000000000e+00 	 6.1489808584228012e+10

	 2.3883045186621725e+03 	 0.0000000000000000e+00 	 0.0000000000000000e+00 	 0.0000000000000000e+00 	 0.0000000000000000e+00 	 -2.2485589613630606e+02
	 0.0000000000000000e+00 	 2.3883045186621725e+03 	 0.0000000000000000e+00 	 0.0000000000000000e+00 	 0.0000000000000000e+00 	 1.2662849540195873e+01
	 0.0000000000000000e+00 	 0.0000000000000000e+00 	 2.3883045186621725e+03 	 2.2485589613630606e+02 	 -1.2662849540195873e+01 	 0.0000000000000000e+00
	 0.0000000000000000e+00 	 0.0000000000000000e+00 	 2.2485589613630606e+02 	 7.6008786786048668e+03 	 -5.0620062021919409e+01 	 0.0000000000000000e+00
	 0.0000000000000000e+00 	 0.0000000000000000e+00 	 -1.2662849540195873e+01 	 -5.0620062021919409e+01 	 6.7737344891827161e+03 	 0.0000000000000000e+00
	 -2.2485589613630606e+02 	 1.2662849540195873e+01 	 0.0000000000000000e+00 	 0.0000000000000000e+00 	 0.0000000000000000e+00 	 1.4374613167787576e+04

	 0.060000 
	 3.7225040115563893e+09 	 4.8412766578062391e+06 	 0.0000000000000000e+00 	 0.0000000000000000e+00 	 0.0000000000000000e+00 	 -4.0062552511043185e+08
	 4.8412766568420688e+06 	 4.9252577228279486e+09 	 0.0000000000000000e+00 	 0.0000000000000000e+00 	 0.0000000000000000e+00 	 4.3629335178040780e+07
	 0.0000000000000000e+00 	 0.0000000000000000e+00 	 3.1674236643649750e+10 	 4.3976148012814217e+09 	 -2.9704785706348127e+08 	 0.0000000000000000e+00
	 0.0000000000000000e+00 	 0.0000000000000000e+00 	 4.3976148012808065e+09 	 9.3719734421667816e+10 	 -3.6156144476359377e+09 	 0.0000000000000000e+00
	 0.0000000000000000e+00 	 0.0000000000000000e+00 	 -2.9704785706202549e+08 	 -3.6156144476346936e+09 	 8.1225639493613602e+10 	 0.0000000000000000e+00
	 -4.0062552511044389e+08 	 4.3629335177925050e+07 	 0.0000000000000000e+00 	 0.0000000000000000e+00 	 0.0000000000000000e+00 	 4.7275819126656693e+10

	 2.0280483482354091e+03 	 0.0000000000000000e+00 	 0.0000000000000000e+00 	 0.0000000000000000e+00 	 0.0000000000000000e+00 	 -3.0057734706421326e+02
	 0.0000000000000000e+00 	 2.0280483482354091e+03 	 0.0000000000000000e+00 	 0.0000000000000000e+00 	 0.0000000000000000e+00 	 1.8504658599645953e+01
	 0.0000000000000000e+00 	 0.0000000000000000e+00 	 2.0280483482354091e+03 	 3.0057734706421326e+02 	 -1.8504658599645953e+01 	 0.0000000000000000e+00
	 0.0000000000000000e+00 	 0.0000000000000000e+00 	 3.0057734706421326e+02 	 6.3294320830215865e+03 	 -8.3580637099242352e+01 	 0.0000000000000000e+00
	 0.0000000000000000e+00 	 0.0000000000000000e+00 	 -1.8504658599645953e+01 	 -8.3580637099242352e+01 	 4.9638622360150002e+03 	 0.0000000000000000e+00
	 -3.0057734706421326e+02 	 1.8504658599645953e+01 	 0.0000000000000000e+00 	 0.0000000000000000e+00 	 0.0000000000000000e+00 	 1.1293294319036580e+04

	 0.080000 
	 2.7937847448244762e+09 	 -5.1077938676674776e+06 	 0.0000000000000000e+00 	 0.0000000000000000e+00 	 0.0000000000000000e+00 	 -2.9757899465554661e+08
	 -5.1077938676911108e+06 	 4.4234452819615107e+09 	 0.0000000000000000e+00 	 0.0000000000000000e+00 	 0.0000000000000000e+00 	 5.7564386952712648e+07
	 0.0000000000000000e+00 	 0.0000000000000000e+00 	 2.8382936007815601e+10 	 5.3290947582238159e+09 	 -3.4556708351354313e+08 	 0.0000000000000000e+00
	 0.0000000000000000e+00 	 0.0000000000000000e+00 	 5.3290947582246284e+09 	 7.8674492123656479e+10 	 -4.8356894230635452e+09 	 0.0000000000000000e+00
	 0.0000000000000000e+00 	 0.0000000000000000e+00 	 -3.4556708351413053e+08 	 -4.8356894230637541e+09 	 6.4726904086052155e+10 	 0.0000000000000000e+00
	 -2.9757899465546739e+08 	 5.7564386952663451e+07 	 0.0000000000000000e+00 	 0.0000000000000000e+00 	 0.0000000000000000e+00 	 3.5638118066509224e+10

	 1.7179271095232200e+03 	 0.0000000000000000e+00 	 0.0000000000000000e+00 	 0.0000000000000000e+00 	 0.0000000000000000e+00 	 -3.6155175843296081e+02
	 0.0000000000000000e+00 	 1.7179271095232200e+03 	 0.0000000000000000e+00 	 0.0000000000000000e+00 	 0.0000000000000000e+00 	 2.2315337208789099e+01
	 0.0000000000000000e+00 	 0.0000000000000000e+00 	 1.7179271095232200e+03 	 3.6155175843296081e+02 	 -2.2315337208789099e+01 	 0.0000000000000000e+00
	 0.0000000000000000e+00 	 0.0000000000000000e+00 	 3.6155175843296081e+02 	 5.2897072362707959e+03 	 -1.0483707916206254e+02 	 0.0000000000000000e+00
	 0.0000000000000000e+00 	 0.0000000000000000e+00 	 -2.2315337208789099e+01 	 -1.0483707916206254e+02 	 3.6001667903838920e+03 	 0.0000000000000000e+00
	 -3.6155175843296081e+02 	 2.2315337208789099e+01 	 0.0000000000000000e+00 	 0.0000000000000000e+00 	 0.0000000000000000e+00 	 8.8898740266547011e+03

	 0.100000 
	 2.4204868916693301e+09 	 1.0812055473024075e+08 	 0.0000000000000000e+00 	 0.0000000000000000e+00 	 0.0000000000000000e+00 	 -1.6166398265909678e+08
	 1.0812055473118834e+08 	 3.9821412589974375e+09 	 0.0000000000000000e+00 	 0.0000000000000000e+00 	 0.0000000000000000e+00 	 7.5414142991730541e+07
	 0.0000000000000000e+00 	 0.0000000000000000e+00 	 2.6971157817460030e+10 	 6.9546712468099146e+09 	 -3.4434489291016740e+08 	 0.0000000000000000e+00
	 0.0000000000000000e+00 	 0.0000000000000000e+00 	 6.9546712468110437e+09 	 6.9020487661477600e+10 	 -5.9138162108945847e+09 	 0.0000000000000000e+00
	 0.0000000000000000e+00 	 0.0000000000000000e+00 	 -3.4434489291318792e+08 	 -5.9138162108968449e+09 	 5.2417864511390465e+10 	 0.0000000000000000e+00
	 -1.6166398265884686e+08 	 7.5414142991844028e+07 	 0.0000000000000000e+00 	 0.0000000000000000e+00 	 0.0000000000000000e+00 	 2.5293734480159584e+10

	 1.6876818284869642e+03 	 0.0000000000000000e+00 	 0.0000000000000000e+00 	 0.0000000000000000e+00 	 0.0000000000000000e+00 	 -4.6892081272773407e+02
	 0.0000000000000000e+00 	 1.6876818284869642e+03 	 0.0000000000000000e+00 	 0.0000000000000000e+00 	 0.0000000000000000e+00 	 2.4969083232237498e+01
	 0.0000000000000000e+00 	 0.0000000000000000e+00 	 1.6876818284869642e+03 	 4.6892081272773407e+02 	 -2.4969083232237498e+01 	 0.0000000000000000e+00
	 0.0000000000000000e+00 	 0.0000000000000000e+00 	 4.6892081272773407e+02 	 4.7559861960508060e+03 	 -1.6005090693816368e+02 	 0.0000000000000000e+00
	 0.0000000000000000e+00 	 0.0000000000000000e+00 	 -2.4969083232237498e+01 	 -1.6005090693816368e+02 	 2.8029982914233015e+03 	 0.0000000000000000e+00
	 -4.6892081272773407e+02 	 2.4969083232237498e+01 	 0.0000000000000000e+00 	 0.0000000000000000e+00 	 0.0000000000000000e+00 	 7.5589844874741038e+03

	 0.125000 
	 1.5463303351018472e+09 	 8.7174984477661937e+07 	 0.0000000000000000e+00 	 0.0000000000000000e+00 	 0.0000000000000000e+00 	 4.1851167848591648e+07
	 8.7174984477638572e+07 	 3.2022879617709451e+09 	 0.0000000000000000e+00 	 0.0000000000000000e+00 	 0.0000000000000000e+00 	 9.0922351354584426e+07
	 0.0000000000000000e+00 	 0.0000000000000000e+00 	 2.3930794276102497e+10 	 7.6389247428523607e+09 	 -2.8470565493774676e+08 	 0.0000000000000000e+00
	 0.0000000000000000e+00 	 0.0000000000000000e+00 	 7.6389247428514833e+09 	 5.6020266557323715e+10 	 -5.6638078583408260e+09 	 0.0000000000000000e+00
	 0.0000000000000000e+00 	 0.0000000000000000e+00 	 -2.8470565493810254e+08 	 -5.6638078583405075e+09 	 3.8606098833188599e+10 	 0.0000000000000000e+00
	 4.1851167848599263e+07 	 9.0922351354356736e+07 	 0.0000000000000000e+00 	 0.0000000000000000e+00 	 0.0000000000000000e+00 	 1.5183134287879015e+10

	 1.3160700952575398e+03 	 0.0000000000000000e+00 	 0.0000000000000000e+00 	 0.0000000000000000e+00 	 0.0000000000000000e+00 	 -5.0056865155033319e+02
	 0.0000000000000000e+00 	 1.3160700952575398e+03 	 0.0000000000000000e+00 	 0.0000000000000000e+00 	 0.0000000000000000e+00 	 2.4296346422015667e+01
	 0.0000000000000000e+00 	 0.0000000000000000e+00 	 1.3160700952575398e+03 	 5.0056865155033319e+02 	 -2.4296346422015667e+01 	 0.0000000000000000e+00
	 0.0000000000000000e+00 	 0.0000000000000000e+00 	 5.0056865155033319e+02 	 3.7795373071449203e+03 	 -1.2821026867085106e+02 	 0.0000000000000000e+00
	 0.0000000000000000e+00 	 0.0000000000000000e+00 	 -2.4296346422015667e+01 	 -1.2821026867085106e+02 	 1.6803843846362140e+03 	 0.0000000000000000e+00
	 -5.0056865155033319e+02 	 2.4296346422015667e+01 	 0.0000000000000000e+00 	 0.0000000000000000e+00 	 0.0000000000000000e+00 	 5.4599216917811318e+03

	 0.150000 
	 9.2040934870456350e+08 	 7.2439202222524345e+07 	 0.0000000000000000e+00 	 0.0000000000000000e+00 	 0.0000000000000000e+00 	 1.5389561957423311e+08
	 7.2439202222769812e+07 	 2.3443901443979182e+09 	 0.0000000000000000e+00 	 0.0000000000000000e+00 	 0.0000000000000000e+00 	 9.3766954110292524e+07
	 0.0000000000000000e+00 	 0.0000000000000000e+00 	 2.1604865180190990e+10 	 7.6110965141837082e+09 	 -2.0013986815910169e+08 	 0.0000000000000000e+00
	 0.0000000000000000e+00 	 0.0000000000000000e+00 	 7.6110965141825886e+09 	 4.4736439421606056e+10 	 -4.4679632428619957e+09 	 0.0000000000000000e+00
	 0.0000000000000000e+00 	 0.0000000000000000e+00 	 -2.0013986815975839e+08 	 -4.4679632428624802e+09 	 2.7912806333209957e+10 	 0.0000000000000000e+00
	 1.5389561957410097e+08 	 9.3766954110443249e+07 	 0.0000000000000000e+00 	 0.0000000000000000e+00 	 0.0000000000000000e+00 	 7.9141302484222183e+09

	 1.0048096923854666e+03 	 0.0000000000000000e+00 	 0.0000000000000000e+00 	 0.0000000000000000e+00 	 0.0000000000000000e+00 	 -4.9065584607339940e+02
	 0.0000000000000000e+00 	 1.0048096923854666e+03 	 0.0000000000000000e+00 	 0.0000000000000000e+00 	 0.0000000000000000e+00 	 2.2095271284430968e+01
	 0.0000000000000000e+00 	 0.0000000000000000e+00 	 1.0048096923854666e+03 	 4.9065584607339940e+02 	 -2.2095271284430968e+01 	 0.0000000000000000e+00
	 0.0000000000000000e+00 	 0.0000000000000000e+00 	 4.9065584607339940e+02 	 2.9493097053345641e+03 	 -9.8644194770223081e+01 	 0.0000000000000000e+00
	 0.0000000000000000e+00 	 0.0000000000000000e+00 	 -2.2095271284430968e+01 	 -9.8644194770223081e+01 	 9.5020182620659091e+02 	 0.0000000000000000e+00
	 -4.9065584607339940e+02 	 2.2095271284430968e+01 	 0.0000000000000000e+00 	 0.0000000000000000e+00 	 0.0000000000000000e+00 	 3.8995115315411517e+03

	 0.175000 
	 6.3056487941395628e+08 	 6.7177650614993334e+07 	 0.0000000000000000e+00 	 0.0000000000000000e+00 	 0.0000000000000000e+00 	 9.0413588949738234e+07
	 6.7177650615272522e+07 	 1.5337921962512908e+09 	 0.0000000000000000e+00 	 0.0000000000000000e+00 	 0.0000000000000000e+00 	 8.4818927618720427e+07
	 0.0000000000000000e+00 	 0.0000000000000000e+00 	 2.0239580680889702e+10 	 7.3348180060094109e+09 	 -2.2801578867922640e+08 	 0.0000000000000000e+00
	 0.0000000000000000e+00 	 0.0000000000000000e+00 	 7.3348180060097141e+09 	 3.7270315912014786e+10 	 -4.3820667657504721e+09 	 0.0000000000000000e+00
	 0.0000000000000000e+00 	 0.0000000000000000e+00 	 -2.2801578867977110e+08 	 -4.3820667657502794e+09 	 2.4689703218598854e+10 	 0.0000000000000000e+00
	 9.0413588949717730e+07 	 8.4818927618843198e+07 	 0.0000000000000000e+00 	 0.0000000000000000e+00 	 0.0000000000000000e+00 	 4.6857982728247719e+09

	 7.8114391578740469e+02 	 0.0000000000000000e+00 	 0.0000000000000000e+00 	 0.0000000000000000e+00 	 0.0000000000000000e+00 	 -4.6352711286195415e+02
	 0.0000000000000000e+00 	 7.8114391578740469e+02 	 0.0000000000000000e+00 	 0.0000000000000000e+00 	 0.0000000000000000e+00 	 1.9772269128870775e+01
	 0.0000000000000000e+00 	 0.0000000000000000e+00 	 7.8114391578740469e+02 	 4.6352711286195415e+02 	 -1.9772269128870775e+01 	 0.0000000000000000e+00
	 0.0000000000000000e+00 	 0.0000000000000000e+00 	 4.6352711286195415e+02 	 2.3582033827907389e+03 	 -8.5346224856167382e+01 	 0.0000000000000000e+00
	 0.0000000000000000e+00 	 0.0000000000000000e+00 	 -1.9772269128870775e+01 	 -8.5346224856167382e+01 	 6.6065914356299743e+02 	 0.0000000000000000e+00
	 -4.6352711286195415e+02 	 1.9772269128870775e+01 	 0.0000000000000000e+00 	 0.0000000000000000e+00 	 0.0000000000000000e+00 	 3.0188625263537465e+03

	 0.200000 
	 4.5163351857987952e+08 	 5.3030822467598200e+07 	 0.0000000000000000e+00 	 0.0000000000000000e+00 	 0.0000000000000000e+00 	 6.0390007200151607e+07
	 5.3030822467493601e+07 	 9.8120731176914501e+08 	 0.0000000000000000e+00 	 0.0000000000000000e+00 	 0.0000000000000000e+00 	 6.7794770546066672e+07
	 0.0000000000000000e+00 	 0.0000000000000000e+00 	 1.9755353171394203e+10 	 7.1447174950300846e+09 	 -2.6871890415640599e+08 	 0.0000000000000000e+00
	 0.0000000000000000e+00 	 0.0000000000000000e+00 	 7.1447174950265532e+09 	 3.2958474419380661e+10 	 -3.5522883995545516e+09 	 0.0000000000000000e+00
	 0.0000000000000000e+00 	 0.0000000000000000e+00 	 -2.6871890415666181e+08 	 -3.5522883995528994e+09 	 2.1700426806349751e+10 	 0.0000000000000000e+00
	 6.0390007199929006e+07 	 6.7794770547071442e+07 	 0.0000000000000000e+00 	 0.0000000000000000e+00 	 0.0000000000000000e+00 	 2.6924409427045960e+09

	 6.3994206382422101e+02 	 0.0000000000000000e+00 	 0.0000000000000000e+00 	 0.0000000000000000e+00 	 0.0000000000000000e+00 	 -4.4370883730694663e+02
	 0.0000000000000000e+00 	 6.3994206382422101e+02 	 0.0000000000000000e+00 	 0.0000000000000000e+00 	 0.0000000000000000e+00 	 1.8204304439282311e+01
	 0.0000000000000000e+00 	 0.0000000000000000e+00 	 6.3994206382422101e+02 	 4.4370883730694663e+02 	 -1.8204304439282311e+01 	 0.0000000000000000e+00
	 0.0000000000000000e+00 	 0.0000000000000000e+00 	 4.4370883730694663e+02 	 2.0139899824971353e+03 	 -7.0976243898369333e+01 	 0.0000000000000000e+00
	 0.0000000000000000e+00 	 0.0000000000000000e+00 	 -1.8204304439282311e+01 	 -7.0976243898369333e+01 	 4.7187179271059551e+02 	 0.0000000000000000e+00
	 -4.4370883730694663e+02 	 1.8204304439282311e+01 	 0.0000000000000000e+00 	 0.0000000000000000e+00 	 0.0000000000000000e+00 	 2.4858617752077212e+03

	 0.225000 
	 3.4725624502370030e+08 	 3.8449127090919830e+07 	 0.0000000000000000e+00 	 0.0000000000000000e+00 	 0.0000000000000000e+00 	 4.9498608486757420e+07
	 3.8449127091244563e+07 	 6.8618743501359224e+08 	 0.0000000000000000e+00 	 0.0000000000000000e+00 	 0.0000000000000000e+00 	 5.5896034581654325e+07
	 0.0000000000000000e+00 	 0.0000000000000000e+00 	 1.9767351693303391e+10 	 7.4680058392633333e+09 	 -2.7966361458196199e+08 	 0.0000000000000000e+00
	 0.0000000000000000e+00 	 0.0000000000000000e+00 	 7.4680058392639227e+09 	 3.2336745633936649e+10 	 -2.6854806222056022e+09 	 0.0000000000000000e+00
	 0.0000000000000000e+00 	 0.0000000000000000e+00 	 -2.7966361458161753e+08 	 -2.6854806222053061e+09 	 1.8439305430379620e+10 	 0.0000000000000000e+00
	 4.9498608486503012e+07 	 5.5896034581816167e+07 	 0.0000000000000000e+00 	 0.0000000000000000e+00 	 0.0000000000000000e+00 	 1.6216364853451769e+09

	 5.6300410241421764e+02 	 0.0000000000000000e+00 	 0.0000000000000000e+00 	 0.0000000000000000e+00 	 0.0000000000000000e+00 	 -4.4018719117723936e+02
	 0.0000000000000000e+00 	 5.6300410241421764e+02 	 0.0000000000000000e+00 	 0.0000000000000000e+00 	 0.0000000000000000e+00 	 1.7381138209238301e+01
	 0.0000000000000000e+00 	 0.0000000000000000e+00 	 5.6300410241421764e+02 	 4.4018719117723936e+02 	 -1.7381138209238301e+01 	 0.0000000000000000e+00
	 0.0000000000000000e+00 	 0.0000000000000000e+00 	 4.4018719117723936e+02 	 1.8655955918217717e+03 	 -6.1124807307020454e+01 	 0.0000000000000000e+00
	 0.0000000000000000e+00 	 0.0000000000000000e+00 	 -1.7381138209238301e+01 	 -6.1124807307020454e+01 	 3.4896749263150440e+02 	 0.0000000000000000e+00
	 -4.4018719117723936e+02 	 1.7381138209238301e+01 	 0.0000000000000000e+00 	 0.0000000000000000e+00 	 0.0000000000000000e+00 	 2.2145630844532798e+03

	 0.250000 
	 2.8998537686720043e+08 	 2.7453945627637062e+07 	 0.0000000000000000e+00 	 0.0000000000000000e+00 	 0.0000000000000000e+00 	 3.5493121495859206e+07
	 2.7453945627424434e+07 	 5.2730546962503910e+08 	 0.0000000000000000e+00 	 0.0000000000000000e+00 	 0.0000000000000000e+00 	 4.5096304157113768e+07
	 0.0000000000000000e+00 	 0.0000000000000000e+00 	 1.9838087435682213e+10 	 7.2202121765248299e+09 	 -2.7168200347087723e+08 	 0.0000000000000000e+00
	 0.0000000000000000e+00 	 0.0000000000000000e+00 	 7.2202121765257645e+09 	 2.9953358275760895e+10 	 -1.9427894416970143e+09 	 0.0000000000000000e+00
	 0.0000000000000000e+00 	 0.0000000000000000e+00 	 -2.7168200347064328e+08 	 -1.9427894416972151e+09 	 1.5485029455037529e+10 	 0.0000000000000000e+00
	 3.5493121495395191e+07 	 4.5096304157449126e+07 	 0.0000000000000000e+00 	 0.0000000000000000e+00 	 0.0000000000000000e+00 	 1.0466577652153344e+09

	 5.1461144177697554e+02 	 0.0000000000000000e+00 	 0.0000000000000000e+00 	 0.0000000000000000e+00 	 0.0000000000000000e+00 	 -4.1828993623419956e+02
	 0.0000000000000000e+00 	 5.1461144177697554e+02 	 0.0000000000000000e+00 	 0.0000000000000000e+00 	 0.0000000000000000e+00 	 1.6386944017424184e+01
	 0.0000000000000000e+00 	 0.0000000000000000e+00 	 5.1461144177697554e+02 	 4.1828993623419956e+02 	 -1.6386944017424184e+01 	 0.0000000000000000e+00
	 0.0000000000000000e+00 	 0.0000000000000000e+00 	 4.1828993623419956e+02 	 1.6892038575526424e+03 	 -5.2902799887865591e+01 	 0.0000000000000000e+00
	 0.0000000000000000e+00 	 0.0000000000000000e+00 	 -1.6386944017424184e+01 	 -5.2902799887865591e+01 	 2.6820059935609174e+02 	 0.0000000000000000e+00
	 -4.1828993623419956e+02 	 1.6386944017424184e+01 	 0.0000000000000000e+00 	 0.0000000000000000e+00 	 0.0000000000000000e+00 	 1.9574044569087430e+03

	 0.300000 
	 2.3187077947476006e+08 	 1.2765944334395910e+07 	 0.0000000000000000e+00 	 0.0000000000000000e+00 	 0.0000000000000000e+00 	 3.4148290199123338e+07
	 1.2765944334518541e+07 	 3.6983289117784148e+08 	 0.0000000000000000e+00 	 0.0000000000000000e+00 	 0.0000000000000000e+00 	 3.4975597593360335e+07
	 0.0000000000000000e+00 	 0.0000000000000000e+00 	 2.0598021676601746e+10 	 6.8858315268178444e+09 	 -2.5860813937530404e+08 	 0.0000000000000000e+00
	 0.0000000000000000e+00 	 0.0000000000000000e+00 	 6.8858315268184080e+09 	 2.7006387655684753e+10 	 -1.0755331523571076e+09 	 0.0000000000000000e+00
	 0.0000000000000000e+00 	 0.0000000000000000e+00 	 -2.5860813937522641e+08 	 -1.0755331523580558e+09 	 1.3126139970337082e+10 	 0.0000000000000000e+00
	 3.4148290199380927e+07 	 3.4975597593273342e+07 	 0.0000000000000000e+00 	 0.0000000000000000e+00 	 0.0000000000000000e+00 	 6.2899619646198285e+08

	 4.6726433294014657e+02 	 0.0000000000000000e+00 	 0.0000000000000000e+00 	 0.0000000000000000e+00 	 0.0000000000000000e+00 	 -3.8638891925813658e+02
	 0.0000000000000000e+00 	 4.6726433294014657e+02 	 0.0000000000000000e+00 	 0.0000000000000000e+00 	 0.0000000000000000e+00 	 1.3032007253467926e+01
	 0.0000000000000000e+00 	 0.0000000000000000e+00 	 4.6726433294014657e+02 	 3.8638891925813658e+02 	 -1.3032007253467926e+01 	 0.0000000000000000e+00
	 0.0000000000000000e+00 	 0.0000000000000000e+00 	 3.8638891925813658e+02 	 1.4472469314306147e+03 	 -3.5198169450480634e+01 	 0.0000000000000000e+00
	 0.0000000000000000e+00 	 0.0000000000000000e+00 	 -1.3032007253467926e+01 	 -3.5198169450480634e+01 	 2.0249596881656430e+02 	 0.0000000000000000e+00
	 -3.8638891925813658e+02 	 1.3032007253467926e+01 	 0.0000000000000000e+00 	 0.0000000000000000e+00 	 0.0000000000000000e+00 	 1.6497429002471781e+03

	 0.350000 
	 1.8769685533225310e+08 	 4.5402344428734593e+06 	 0.0000000000000000e+00 	 0.0000000000000000e+00 	 0.0000000000000000e+00 	 2.3185526284108758e+07
	 4.5402344427522570e+06 	 3.4010265364061385e+08 	 0.0000000000000000e+00 	 0.0000000000000000e+00 	 0.0000000000000000e+00 	 3.0377624370629001e+07
	 0.0000000000000000e+00 	 0.0000000000000000e+00 	 2.1249504056739162e+10 	 6.7271110055085783e+09 	 -2.0358638091780177e+08 	 0.0000000000000000e+00
	 0.0000000000000000e+00 	 0.0000000000000000e+00 	 6.7271110055081930e+09 	 2.4293253774795097e+10 	 -4.9914710553128630e+08 	 0.0000000000000000e+00
	 0.0000000000000000e+00 	 0.0000000000000000e+00 	 -2.0358638091784441e+08 	 -4.9914710553070176e+08 	 1.0547552355895821e+10 	 0.0000000000000000e+00
	 2.3185526284215201e+07 	 3.0377624370691568e+07 	 0.0000000000000000e+00 	 0.0000000000000000e+00 	 0.0000000000000000e+00 	 4.5666900022783566e+08

	 4.4647569542360026e+02 	 0.0000000000000000e+00 	 0.0000000000000000e+00 	 0.0000000000000000e+00 	 0.0000000000000000e+00 	 -3.6561843691440174e+02
	 0.0000000000000000e+00 	 4.4647569542360026e+02 	 0.0000000000000000e+00 	 0.0000000000000000e+00 	 0.0000000000000000e+00 	 1.0333393680403180e+01
	 0.0000000000000000e+00 	 0.0000000000000000e+00 	 4.4647569542360026e+02 	 3.6561843691440174e+02 	 -1.0333393680403180e+01 	 0.0000000000000000e+00
	 0.0000000000000000e+00 	 0.0000000000000000e+00 	 3.6561843691440174e+02 	 1.2573074589796483e+03 	 -2.3978294862727296e+01 	 0.0000000000000000e+00
	 0.0000000000000000e+00 	 0.0000000000000000e+00 	 -1.0333393680403180e+01 	 -2.3978294862727296e+01 	 1.5306131567035433e+02 	 0.0000000000000000e+00
	 -3.6561843691440174e+02 	 1.0333393680403180e+01 	 0.0000000000000000e+00 	 0.0000000000000000e+00 	 0.0000000000000000e+00 	 1.4103687746499984e+03

	 0.400000 
	 1.6099298324696514e+08 	 3.7419702751592970e+06 	 0.0000000000000000e+00 	 0.0000000000000000e+00 	 0.0000000000000000e+00 	 1.9675350978469118e+07
	 3.7419702755081360e+06 	 3.2938947994307899e+08 	 0.0000000000000000e+00 	 0.0000000000000000e+00 	 0.0000000000000000e+00 	 2.3642564930849101e+07
	 0.0000000000000000e+00 	 0.0000000000000000e+00 	 2.0871182601843479e+10 	 5.6472360853504019e+09 	 -8.9521975503563792e+07 	 0.0000000000000000e+00
	 0.0000000000000000e+00 	 0.0000000000000000e+00 	 5.6472360853498173e+09 	 1.9311898448597267e+10 	 -3.3150618887566191e+08 	 0.0000000000000000e+00
	 0.0000000000000000e+00 	 0.0000000000000000e+00 	 -8.9521975503617138e+07 	 -3.3150618887558019e+08 	 8.4108143645261450e+09 	 0.0000000000000000e+00
	 1.9675350978423581e+07 	 2.3642564930859935e+07 	 0.0000000000000000e+00 	 0.0000000000000000e+00 	 0.0000000000000000e+00 	 3.5656838144622749e+08

	 4.1549144621966246e+02 	 0.0000000000000000e+00 	 0.0000000000000000e+00 	 0.0000000000000000e+00 	 0.0000000000000000e+00 	 -3.0846723916868899e+02
	 0.0000000000000000e+00 	 4.1549144621966246e+02 	 0.0000000000000000e+00 	 0.0000000000000000e+00 	 0.0000000000000000e+00 	 7.2773426209868095e+00
	 0.0000000000000000e+00 	 0.0000000000000000e+00 	 4.1549144621966246e+02 	 3.0846723916868899e+02 	 -7.2773426209868095e+00 	 0.0000000000000000e+00
	 0.0000000000000000e+00 	 0.0000000000000000e+00 	 3.0846723916868899e+02 	 9.9181128936955872e+02 	 -1.8365321624348670e+01 	 0.0000000000000000e+00
	 0.0000000000000000e+00 	 0.0000000000000000e+00 	 -7.2773426209868095e+00 	 -1.8365321624348670e+01 	 1.1854441798792344e+02 	 0.0000000000000000e+00
	 -3.0846723916868899e+02 	 7.2773426209868095e+00 	 0.0000000000000000e+00 	 0.0000000000000000e+00 	 0.0000000000000000e+00 	 1.1103557073574841e+03

	 0.450000 
	 1.3753468670432162e+08 	 3.0806166249037185e+06 	 0.0000000000000000e+00 	 0.0000000000000000e+00 	 0.0000000000000000e+00 	 1.6793421435674801e+07
	 3.0806166250011534e+06 	 3.1766199826740181e+08 	 0.0000000000000000e+00 	 0.0000000000000000e+00 	 0.0000000000000000e+00 	 1.9434234063504566e+07
	 0.0000000000000000e+00 	 0.0000000000000000e+00 	 2.0206434990711746e+10 	 5.1642096476649532e+09 	 -2.9583824352463018e+07 	 0.0000000000000000e+00
	 0.0000000000000000e+00 	 0.0000000000000000e+00 	 5.1642096476649361e+09 	 1.6629654688070917e+10 	 -2.2981928060114160e+08 	 0.0000000000000000e+00
	 0.0000000000000000e+00 	 0.0000000000000000e+00 	 -2.9583824352404322e+07 	 -2.2981928060115847e+08 	 6.4954428973810949e+09 	 0.0000000000000000e+00
	 1.6793421435643185e+07 	 1.9434234063675500e+07 	 0.0000000000000000e+00 	 0.0000000000000000e+00 	 0.0000000000000000e+00 	 2.7716474454144579e+08

	 3.8940341694449353e+02 	 0.0000000000000000e+00 	 0.0000000000000000e+00 	 0.0000000000000000e+00 	 0.0000000000000000e+00 	 -2.7836282531414417e+02
	 0.0000000000000000e+00 	 3.8940341694449353e+02 	 0.0000000000000000e+00 	 0.0000000000000000e+00 	 0.0000000000000000e+00 	 5.4589243814172432e+00
	 0.0000000000000000e+00 	 0.0000000000000000e+00 	 3.8940341694449353e+02 	 2.7836282531414417e+02 	 -5.4589243814172432e+00 	 0.0000000000000000e+00
	 0.0000000000000000e+00 	 0.0000000000000000e+00 	 2.7836282531414417e+02 	 8.3759769173935979e+02 	 -1.4416087929586867e+01 	 0.0000000000000000e+00
	 0.0000000000000000e+00 	 0.0000000000000000e+00 	 -5.4589243814172432e+00 	 -1.4416087929586867e+01 	 8.9696907887955405e+01 	 0.0000000000000000e+00
	 -2.7836282531414417e+02 	 5.4589243814172432e+00 	 0.0000000000000000e+00 	 0.0000000000000000e+00 	 0.0000000000000000e+00 	 9.2729459962731221e+02

	 0.500000 
	 1.1570295516421928e+08 	 3.0687328100050627e+06 	 0.0000000000000000e+00 	 0.0000000000000000e+00 	 0.0000000000000000e+00 	 1.4750866731633518e+07
	 3.0687328097315701e+06 	 3.2024597321889609e+08 	 0.0000000000000000e+00 	 0.0000000000000000e+00 	 0.0000000000000000e+00 	 1.6088240099671161e+07
	 0.0000000000000000e+00 	 0.0000000000000000e+00 	 1.8896465257736946e+10 	 3.4379351617848020e+09 	 -8.8914239041147396e+07 	 0.0000000000000000e+00
	 0.0000000000000000e+00 	 0.0000000000000000e+00 	 3.4379351617854199e+09 	 1.0667705235717245e+10 	 -1.4123126787053728e+08 	 0.0000000000000000e+00
	 0.0000000000000000e+00 	 0.0000000000000000e+00 	 -8.8914239041132599e+07 	 -1.4123126787058786e+08 	 4.8352898006539030e+09 	 0.0000000000000000e+00
	 1.4750866731585369e+07 	 1.6088240099583728e+07 	 0.0000000000000000e+00 	 0.0000000000000000e+00 	 0.0000000000000000e+00 	 2.1075460507346728e+08

	 3.4498337491432085e+02 	 0.0000000000000000e+00 	 0.0000000000000000e+00 	 0.0000000000000000e+00 	 0.0000000000000000e+00 	 -1.9749813991339323e+02
	 0.0000000000000000e+00 	 3.4498337491432085e+02 	 0.0000000000000000e+00 	 0.0000000000000000e+00 	 0.0000000000000000e+00 	 5.3604756212006288e+00
	 0.0000000000000000e+00 	 0.0000000000000000e+00 	 3.4498337491432085e+02 	 1.9749813991339323e+02 	 -5.3604756212006288e+00 	 0.0000000000000000e+00
	 0.0000000000000000e+00 	 0.0000000000000000e+00 	 1.9749813991339323e+02 	 5.5793248255981996e+02 	 -1.0390695277039708e+01 	 0.0000000000000000e+00
	 0.0000000000000000e+00 	 0.0000000000000000e+00 	 -5.3604756212006288e+00 	 -1.0390695277039708e+01 	 6.5665336326367097e+01 	 0.0000000000000000e+00
	 -1.9749813991339323e+02 	 5.3604756212006288e+00 	 0.0000000000000000e+00 	 0.0000000000000000e+00 	 0.0000000000000000e+00 	 6.2359781888618784e+02

	 0.550000 
	 9.6519599108101845e+07 	 2.2999201259283461e+06 	 0.0000000000000000e+00 	 0.0000000000000000e+00 	 0.0000000000000000e+00 	 1.3622391347799785e+07
	 2.2999201258368548e+06 	 3.1376173185768586e+08 	 0.0000000000000000e+00 	 0.0000000000000000e+00 	 0.0000000000000000e+00 	 1.5479076395072557e+07
	 0.0000000000000000e+00 	 0.0000000000000000e+00 	 1.8022525611587933e+10 	 2.9844548635759630e+09 	 -1.6101628214112639e+08 	 0.0000000000000000e+00
	 0.0000000000000000e+00 	 0.0000000000000000e+00 	 2.9844548635760455e+09 	 8.7326462354430504e+09 	 -9.0706006158489987e+07 	 0.0000000000000000e+00
	 0.0000000000000000e+00 	 0.0000000000000000e+00 	 -1.6101628214116549e+08 	 -9.0706006158500805e+07 	 3.5773673295137773e+09 	 0.0000000000000000e+00
	 1.3622391347740646e+07 	 1.5479076394973679e+07 	 0.0000000000000000e+00 	 0.0000000000000000e+00 	 0.0000000000000000e+00 	 1.6011708910813195e+08

	 3.1811019516659059e+02 	 0.0000000000000000e+00 	 0.0000000000000000e+00 	 0.0000000000000000e+00 	 0.0000000000000000e+00 	 -1.6647670077527320e+02
	 0.0000000000000000e+00 	 3.1811019516659059e+02 	 0.0000000000000000e+00 	 0.0000000000000000e+00 	 0.0000000000000000e+00 	 5.7701666851353055e+00
	 0.0000000000000000e+00 	 0.0000000000000000e+00 	 3.1811019516659059e+02 	 1.6647670077527320e+02 	 -5.7701666851353055e+00 	 0.0000000000000000e+00
	 0.0000000000000000e+00 	 0.0000000000000000e+00 	 1.6647670077527320e+02 	 4.3927504947196843e+02 	 -8.1567735170439981e+00 	 0.0000000000000000e+00
	 0.0000000000000000e+00 	 0.0000000000000000e+00 	 -5.7701666851353055e+00 	 -8.1567735170439981e+00 	 4.7902992871403832e+01 	 0.0000000000000000e+00
	 -1.6647670077527320e+02 	 5.7701666851353055e+00 	 0.0000000000000000e+00 	 0.0000000000000000e+00 	 0.0000000000000000e+00 	 4.8717804234337336e+02

	 0.600000 
	 8.0677079634353220e+07 	 2.5095423625541981e+06 	 0.0000000000000000e+00 	 0.0000000000000000e+00 	 0.0000000000000000e+00 	 1.1137373398179974e+07
	 2.5095423624714487e+06 	 3.3289711784346443e+08 	 0.0000000000000000e+00 	 0.0000000000000000e+00 	 0.0000000000000000e+00 	 1.5750324046734698e+07
	 0.0000000000000000e+00 	 0.0000000000000000e+00 	 1.6839372846019745e+10 	 1.9448378430795715e+09 	 -2.6417599336254090e+08 	 0.0000000000000000e+00
	 0.0000000000000000e+00 	 0.0000000000000000e+00 	 1.9448378430796881e+09 	 5.6246658090807180e+09 	 -6.3062985627549104e+07 	 0.0000000000000000e+00
	 0.0000000000000000e+00 	 0.0000000000000000e+00 	 -2.6417599336249432e+08 	 -6.3062985627557486e+07 	 2.6373472861786528e+09 	 0.0000000000000000e+00
	 1.1137373398144245e+07 	 1.5750324046680659e+07 	 0.0000000000000000e+00 	 0.0000000000000000e+00 	 0.0000000000000000e+00 	 1.2215760159995434e+08

	 2.8327274331863265e+02 	 0.0000000000000000e+00 	 0.0000000000000000e+00 	 0.0000000000000000e+00 	 0.0000000000000000e+00 	 -1.1452140888783889e+02
	 0.0000000000000000e+00 	 2.8327274331863265e+02 	 0.0000000000000000e+00 	 0.0000000000000000e+00 	 0.0000000000000000e+00 	 6.4173891443456608e+00
	 0.0000000000000000e+00 	 0.0000000000000000e+00 	 2.8327274331863265e+02 	 1.1452140888783889e+02 	 -6.4173891443456608e+00 	 0.0000000000000000e+00
	 0.0000000000000000e+00 	 0.0000000000000000e+00 	 1.1452140888783889e+02 	 2.8562708464391909e+02 	 -5.8012157996099987e+00 	 0.0000000000000000e+00
	 0.0000000000000000e+00 	 0.0000000000000000e+00 	 -6.4173891443456608e+00 	 -5.8012157996099987e+00 	 3.4912852624626154e+01 	 0.0000000000000000e+00
	 -1.1452140888783889e+02 	 6.4173891443456608e+00 	 0.0000000000000000e+00 	 0.0000000000000000e+00 	 0.0000000000000000e+00 	 3.2053993726854395e+02

	 0.650000 
	 6.6730865729641959e+07 	 3.2682652698886511e+06 	 0.0000000000000000e+00 	 0.0000000000000000e+00 	 0.0000000000000000e+00 	 1.0191582514334271e+07
	 3.2682652699311427e+06 	 3.9446320488005137e+08 	 0.0000000000000000e+00 	 0.0000000000000000e+00 	 0.0000000000000000e+00 	 1.7276252258191675e+07
	 0.0000000000000000e+00 	 0.0000000000000000e+00 	 1.5467455788516169e+10 	 1.0528084000947403e+09 	 -3.4312291367006260e+08 	 0.0000000000000000e+00
	 0.0000000000000000e+00 	 0.0000000000000000e+00 	 1.0528084000946300e+09 	 3.2779207621550164e+09 	 -3.7889819435262896e+07 	 0.0000000000000000e+00
	 0.0000000000000000e+00 	 0.0000000000000000e+00 	 -3.4312291367002261e+08 	 -3.7889819435294427e+07 	 1.9099090762329233e+09 	 0.0000000000000000e+00
	 1.0191582514322206e+07 	 1.7276252258103751e+07 	 0.0000000000000000e+00 	 0.0000000000000000e+00 	 0.0000000000000000e+00 	 9.1942465491507813e+07

	 2.4858807702083658e+02 	 0.0000000000000000e+00 	 0.0000000000000000e+00 	 0.0000000000000000e+00 	 0.0000000000000000e+00 	 -7.0002055152231549e+01
	 0.0000000000000000e+00 	 2.4858807702083658e+02 	 0.0000000000000000e+00 	 0.0000000000000000e+00 	 0.0000000000000000e+00 	 6.7051394782179141e+00
	 0.0000000000000000e+00 	 0.0000000000000000e+00 	 2.4858807702083658e+02 	 7.0002055152231549e+01 	 -6.7051394782179141e+00 	 0.0000000000000000e+00
	 0.0000000000000000e+00 	 0.0000000000000000e+00 	 7.0002055152231549e+01 	 1.6898421266702087e+02 	 -3.7486649379237726e+00 	 0.0000000000000000e+00
	 0.0000000000000000e+00 	 0.0000000000000000e+00 	 -6.7051394782179141e+00 	 -3.7486649379237726e+00 	 2.5092151302229283e+01 	 0.0000000000000000e+00
	 -7.0002055152231549e+01 	 6.7051394782179141e+00 	 0.0000000000000000e+00 	 0.0000000000000000e+00 	 0.0000000000000000e+00 	 1.9407636396925020e+02

	 0.700000 
	 5.5425354167818278e+07 	 3.3346999316161596e+06 	 0.0000000000000000e+00 	 0.0000000000000000e+00 	 0.0000000000000000e+00 	 9.3262011796277165e+06
	 3.3346999316356592e+06 	 4.4925412037278235e+08 	 0.0000000000000000e+00 	 0.0000000000000000e+00 	 0.0000000000000000e+00 	 1.9853563142818719e+07
	 0.0000000000000000e+00 	 0.0000000000000000e+00 	 1.3854583230487022e+10 	 6.4440182578862584e+08 	 -4.0319969051622045e+08 	 0.0000000000000000e+00
	 0.0000000000000000e+00 	 0.0000000000000000e+00 	 6.4440182578858995e+08 	 2.2483771386937132e+09 	 -2.2663557062668577e+07 	 0.0000000000000000e+00
	 0.0000000000000000e+00 	 0.0000000000000000e+00 	 -4.0319969051620567e+08 	 -2.2663557062675230e+07 	 1.3484311251524124e+09 	 0.0000000000000000e+00
	 9.3262011796201859e+06 	 1.9853563142788373e+07 	 0.0000000000000000e+00 	 0.0000000000000000e+00 	 0.0000000000000000e+00 	 6.9849406026579320e+07

