 ------- BEAMDYN V1.00.* INDIVIDUAL BLADE INPUT FILE --------------------------
 Test Format 1
 ---------------------- BLADE PARAMETERS --------------------------------------
26   station_total    - Number of blade input stations (-)
 1   damp_type        - Damping type: 0: no damping; 1: damped
  ---------------------- DAMPING COEFFICIENT------------------------------------
   mu1        mu2        mu3        mu4        mu5        mu6
   (-)        (-)        (-)        (-)        (-)        (-)
	 3.03960e-03 	 2.02640e-03 	 2.02640e-03 	 2.02640e-03 	 3.03960e-03 	 2.02640e-03
 ---------------------- DISTRIBUTED PROPERTIES---------------------------------
	 0.000000 
	 6.7403759942001057e+09 	 2.6537385899047782e+06 	 0.0000000000000000e+00 	 0.0000000000000000e+00 	 0.0000000000000000e+00 	 1.4844668300814548e+08
	 2.6537385865155067e+06 	 6.7290887653954668e+09 	 0.0000000000000000e+00 	 0.0000000000000000e+00 	 0.0000000000000000e+00 	 3.8985021665290087e+07
	 0.0000000000000000e+00 	 0.0000000000000000e+00 	 4.6051081603594246e+10 	 -1.0924947421445792e+09 	 1.8829097305203419e+07 	 0.0000000000000000e+00
	 0.0000000000000000e+00 	 0.0000000000000000e+00 	 -1.0924947421431882e+09 	 1.4962901263794974e+11 	 -2.2581466163941804e+07 	 0.0000000000000000e+00
	 0.0000000000000000e+00 	 0.0000000000000000e+00 	 1.8829097308792725e+07 	 -2.2581466159817990e+07 	 1.4972909591639816e+11 	 0.0000000000000000e+00
	 1.4844668300812447e+08 	 3.8985021665363632e+07 	 0.0000000000000000e+00 	 0.0000000000000000e+00 	 0.0000000000000000e+00 	 8.7489183048032898e+10

	 3.1274021155424152e+03 	 0.0000000000000000e+00 	 0.0000000000000000e+00 	 0.0000000000000000e+00 	 0.0000000000000000e+00 	 7.3931954710605055e+01
	 0.0000000000000000e+00 	 3.1274021155424152e+03 	 0.0000000000000000e+00 	 0.0000000000000000e+00 	 0.0000000000000000e+00 	 -2.3227931035313248e-01
	 0.0000000000000000e+00 	 0.0000000000000000e+00 	 3.1274021155424152e+03 	 -7.3931954710605055e+01 	 2.3227931035313248e-01 	 0.0000000000000000e+00
	 0.0000000000000000e+00 	 0.0000000000000000e+00 	 -7.3931954710605055e+01 	 1.0167976322208995e+04 	 1.0683130734102755e+00 	 0.0000000000000000e+00
	 0.0000000000000000e+00 	 0.0000000000000000e+00 	 2.3227931035313248e-01 	 1.0683130734102755e+00 	 1.0166284427210068e+04 	 0.0000000000000000e+00
	 7.3931954710605055e+01 	 -2.3227931035313248e-01 	 0.0000000000000000e+00 	 0.0000000000000000e+00 	 0.0000000000000000e+00 	 2.0334260749419092e+04

	 0.010000 
	 6.3845924464369078e+09 	 -3.7639967460846883e+05 	 0.0000000000000000e+00 	 0.0000000000000000e+00 	 0.0000000000000000e+00 	 -9.3807158151106119e+07
	 -3.7639967343114485e+05 	 6.3884806772918024e+09 	 0.0000000000000000e+00 	 0.0000000000000000e+00 	 0.0000000000000000e+00 	 1.6608289937158572e+07
	 0.0000000000000000e+00 	 0.0000000000000000e+00 	 4.3751343867175957e+10 	 5.8260974396241021e+08 	 3.3355349260995467e+06 	 0.0000000000000000e+00
	 0.0000000000000000e+00 	 0.0000000000000000e+00 	 5.8260974396253061e+08 	 1.4232886403062772e+11 	 -2.3255899757299295e+08 	 0.0000000000000000e+00
	 0.0000000000000000e+00 	 0.0000000000000000e+00 	 3.3355349258089215e+06 	 -2.3255899757617879e+08 	 1.4313782517292319e+11 	 0.0000000000000000e+00
	 -9.3807158151094139e+07 	 1.6608289937172664e+07 	 0.0000000000000000e+00 	 0.0000000000000000e+00 	 0.0000000000000000e+00 	 8.3285587566940842e+10

	 2.9647325291069837e+03 	 0.0000000000000000e+00 	 0.0000000000000000e+00 	 0.0000000000000000e+00 	 0.0000000000000000e+00 	 -3.9689341516933851e+01
	 0.0000000000000000e+00 	 2.9647325291069837e+03 	 0.0000000000000000e+00 	 0.0000000000000000e+00 	 0.0000000000000000e+00 	 -1.6964012653040630e-01
	 0.0000000000000000e+00 	 0.0000000000000000e+00 	 2.9647325291069837e+03 	 3.9689341516933851e+01 	 1.6964012653040630e-01 	 0.0000000000000000e+00
	 0.0000000000000000e+00 	 0.0000000000000000e+00 	 3.9689341516933851e+01 	 9.6708174882140429e+03 	 -9.1339445462846991e-01 	 0.0000000000000000e+00
	 0.0000000000000000e+00 	 0.0000000000000000e+00 	 1.6964012653040630e-01 	 -9.1339445462846991e-01 	 9.6775066413183977e+03 	 0.0000000000000000e+00
	 -3.9689341516933851e+01 	 -1.6964012653040630e-01 	 0.0000000000000000e+00 	 0.0000000000000000e+00 	 0.0000000000000000e+00 	 1.9348324129532437e+04

	 0.020000 
	 6.0334284731307020e+09 	 -5.3513603970654262e+06 	 0.0000000000000000e+00 	 0.0000000000000000e+00 	 0.0000000000000000e+00 	 -3.0225835756702209e+08
	 -5.3513603972578626e+06 	 6.0554176876864052e+09 	 0.0000000000000000e+00 	 0.0000000000000000e+00 	 0.0000000000000000e+00 	 5.5948709654096160e+06
	 0.0000000000000000e+00 	 0.0000000000000000e+00 	 4.1569662554242439e+10 	 2.0715746026749294e+09 	 -3.9669098740391657e+07 	 0.0000000000000000e+00
	 0.0000000000000000e+00 	 0.0000000000000000e+00 	 2.0715746026763928e+09 	 1.3521283832772644e+11 	 -6.0677306777774453e+08 	 0.0000000000000000e+00
	 0.0000000000000000e+00 	 0.0000000000000000e+00 	 -3.9669098739979520e+07 	 -6.0677306777751839e+08 	 1.3700854160909923e+11 	 0.0000000000000000e+00
	 -3.0225835756703103e+08 	 5.5948709654053375e+06 	 0.0000000000000000e+00 	 0.0000000000000000e+00 	 0.0000000000000000e+00 	 7.9106159649145737e+10

	 2.8051273322339803e+03 	 0.0000000000000000e+00 	 0.0000000000000000e+00 	 0.0000000000000000e+00 	 0.0000000000000000e+00 	 -1.4075148883650667e+02
	 0.0000000000000000e+00 	 2.8051273322339803e+03 	 0.0000000000000000e+00 	 0.0000000000000000e+00 	 0.0000000000000000e+00 	 2.4057159187345110e+00
	 0.0000000000000000e+00 	 0.0000000000000000e+00 	 2.8051273322339803e+03 	 1.4075148883650667e+02 	 -2.4057159187345110e+00 	 0.0000000000000000e+00
	 0.0000000000000000e+00 	 0.0000000000000000e+00 	 1.4075148883650667e+02 	 9.1837237418250497e+03 	 -6.1433648357183692e+00 	 0.0000000000000000e+00
	 0.0000000000000000e+00 	 0.0000000000000000e+00 	 -2.4057159187345110e+00 	 -6.1433648357183692e+00 	 9.1899791654821038e+03 	 0.0000000000000000e+00
	 -1.4075148883650667e+02 	 2.4057159187345110e+00 	 0.0000000000000000e+00 	 0.0000000000000000e+00 	 0.0000000000000000e+00 	 1.8373702907307161e+04

	 0.040000 
	 4.8006829944504757e+09 	 6.4401902427806323e+06 	 0.0000000000000000e+00 	 0.0000000000000000e+00 	 0.0000000000000000e+00 	 -4.1001940942133272e+08
	 6.4401902424053755e+06 	 5.4687204110065107e+09 	 0.0000000000000000e+00 	 0.0000000000000000e+00 	 0.0000000000000000e+00 	 2.8482154907860700e+07
	 0.0000000000000000e+00 	 0.0000000000000000e+00 	 3.6039021825384056e+10 	 3.3104524333342576e+09 	 -2.0208530007967857e+08 	 0.0000000000000000e+00
	 0.0000000000000000e+00 	 0.0000000000000000e+00 	 3.3104524333356104e+09 	 1.1222353080353087e+11 	 -2.1316249641203504e+09 	 0.0000000000000000e+00
	 0.0000000000000000e+00 	 0.0000000000000000e+00 	 -2.0208530007975769e+08 	 -2.1316249641211507e+09 	 1.0436579231464005e+11 	 0.0000000000000000e+00
	 -4.1001940942130315e+08 	 2.8482154907849886e+07 	 0.0000000000000000e+00 	 0.0000000000000000e+00 	 0.0000000000000000e+00 	 6.1533314212434471e+10

	 2.3891174412673395e+03 	 0.0000000000000000e+00 	 0.0000000000000000e+00 	 0.0000000000000000e+00 	 0.0000000000000000e+00 	 -2.2566919413501256e+02
	 0.0000000000000000e+00 	 2.3891174412673395e+03 	 0.0000000000000000e+00 	 0.0000000000000000e+00 	 0.0000000000000000e+00 	 1.2738175045624523e+01
	 0.0000000000000000e+00 	 0.0000000000000000e+00 	 2.3891174412673395e+03 	 2.2566919413501256e+02 	 -1.2738175045624523e+01 	 0.0000000000000000e+00
	 0.0000000000000000e+00 	 0.0000000000000000e+00 	 2.2566919413501256e+02 	 7.6060083240901158e+03 	 -5.1130853458007977e+01 	 0.0000000000000000e+00
	 0.0000000000000000e+00 	 0.0000000000000000e+00 	 -1.2738175045624523e+01 	 -5.1130853458007977e+01 	 6.7787348280407159e+03 	 0.0000000000000000e+00
	 -2.2566919413501256e+02 	 1.2738175045624523e+01 	 0.0000000000000000e+00 	 0.0000000000000000e+00 	 0.0000000000000000e+00 	 1.4384743152130815e+04

	 0.050000 
	 4.2455991220489759e+09 	 6.4532409706025384e+06 	 0.0000000000000000e+00 	 0.0000000000000000e+00 	 0.0000000000000000e+00 	 -4.2319184715678936e+08
	 6.4532409703190066e+06 	 5.1959846294787788e+09 	 0.0000000000000000e+00 	 0.0000000000000000e+00 	 0.0000000000000000e+00 	 3.5807091870540015e+07
	 0.0000000000000000e+00 	 0.0000000000000000e+00 	 3.3746454863613388e+10 	 3.9210792832540946e+09 	 -2.4885581545564941e+08 	 0.0000000000000000e+00
	 0.0000000000000000e+00 	 0.0000000000000000e+00 	 3.9210792832539763e+09 	 1.0268665554703389e+11 	 -2.9385504727068748e+09 	 0.0000000000000000e+00
	 0.0000000000000000e+00 	 0.0000000000000000e+00 	 -2.4885581545661736e+08 	 -2.9385504727059956e+09 	 9.1978186660667709e+10 	 0.0000000000000000e+00
	 -4.2319184715676999e+08 	 3.5807091870532982e+07 	 0.0000000000000000e+00 	 0.0000000000000000e+00 	 0.0000000000000000e+00 	 5.4135907645823410e+10

	 2.2035232269281937e+03 	 0.0000000000000000e+00 	 0.0000000000000000e+00 	 0.0000000000000000e+00 	 0.0000000000000000e+00 	 -2.6667130502857077e+02
	 0.0000000000000000e+00 	 2.2035232269281937e+03 	 0.0000000000000000e+00 	 0.0000000000000000e+00 	 0.0000000000000000e+00 	 1.5773223799435458e+01
	 0.0000000000000000e+00 	 0.0000000000000000e+00 	 2.2035232269281937e+03 	 2.6667130502857077e+02 	 -1.5773223799435458e+01 	 0.0000000000000000e+00
	 0.0000000000000000e+00 	 0.0000000000000000e+00 	 2.6667130502857077e+02 	 6.9470269618960756e+03 	 -6.9339833696692438e+01 	 0.0000000000000000e+00
	 0.0000000000000000e+00 	 0.0000000000000000e+00 	 -1.5773223799435458e+01 	 -6.9339833696692438e+01 	 5.8167392358728939e+03 	 0.0000000000000000e+00
	 -2.6667130502857077e+02 	 1.5773223799435458e+01 	 0.0000000000000000e+00 	 0.0000000000000000e+00 	 0.0000000000000000e+00 	 1.2763766197768997e+04

	 0.060000 
	 3.7240559129180417e+09 	 2.9745318956196434e+06 	 0.0000000000000000e+00 	 0.0000000000000000e+00 	 0.0000000000000000e+00 	 -4.0408420408606356e+08
	 2.9745318961778488e+06 	 4.9288586006500196e+09 	 0.0000000000000000e+00 	 0.0000000000000000e+00 	 0.0000000000000000e+00 	 4.3206967979509488e+07
	 0.0000000000000000e+00 	 0.0000000000000000e+00 	 3.1729511883466503e+10 	 4.4596799225267496e+09 	 -2.8697131797286820e+08 	 0.0000000000000000e+00
	 0.0000000000000000e+00 	 0.0000000000000000e+00 	 4.4596799225264235e+09 	 9.3870507693662216e+10 	 -3.7547299759742026e+09 	 0.0000000000000000e+00
	 0.0000000000000000e+00 	 0.0000000000000000e+00 	 -2.8697131797307694e+08 	 -3.7547299759743295e+09 	 8.1436189916973679e+10 	 0.0000000000000000e+00
	 -4.0408420408597481e+08 	 4.3206967979470380e+07 	 0.0000000000000000e+00 	 0.0000000000000000e+00 	 0.0000000000000000e+00 	 4.7324602001447510e+10

	 2.0293245625744607e+03 	 0.0000000000000000e+00 	 0.0000000000000000e+00 	 0.0000000000000000e+00 	 0.0000000000000000e+00 	 -3.0173815209630095e+02
	 0.0000000000000000e+00 	 2.0293245625744607e+03 	 0.0000000000000000e+00 	 0.0000000000000000e+00 	 0.0000000000000000e+00 	 1.8434155772263129e+01
	 0.0000000000000000e+00 	 0.0000000000000000e+00 	 2.0293245625744607e+03 	 3.0173815209630095e+02 	 -1.8434155772263129e+01 	 0.0000000000000000e+00
	 0.0000000000000000e+00 	 0.0000000000000000e+00 	 3.0173815209630095e+02 	 6.3353597244267803e+03 	 -8.5056924543925973e+01 	 0.0000000000000000e+00
	 0.0000000000000000e+00 	 0.0000000000000000e+00 	 -1.8434155772263129e+01 	 -8.5056924543925973e+01 	 4.9692627731683315e+03 	 0.0000000000000000e+00
	 -3.0173815209630095e+02 	 1.8434155772263129e+01 	 0.0000000000000000e+00 	 0.0000000000000000e+00 	 0.0000000000000000e+00 	 1.1304622497595103e+04

	 0.080000 
	 2.7944804095801659e+09 	 -9.4564547072248068e+06 	 0.0000000000000000e+00 	 0.0000000000000000e+00 	 0.0000000000000000e+00 	 -3.0238117774490380e+08
	 -9.4564547068580873e+06 	 4.4267057140729990e+09 	 0.0000000000000000e+00 	 0.0000000000000000e+00 	 0.0000000000000000e+00 	 5.6719498720852710e+07
	 0.0000000000000000e+00 	 0.0000000000000000e+00 	 2.8461683404068878e+10 	 5.4449891119958649e+09 	 -3.2335942293219030e+08 	 0.0000000000000000e+00
	 0.0000000000000000e+00 	 0.0000000000000000e+00 	 5.4449891119957781e+09 	 7.8880884490430145e+10 	 -5.1141649928278475e+09 	 0.0000000000000000e+00
	 0.0000000000000000e+00 	 0.0000000000000000e+00 	 -3.2335942293220770e+08 	 -5.1141649928275757e+09 	 6.4945934939771980e+10 	 0.0000000000000000e+00
	 -3.0238117774496716e+08 	 5.6719498720893212e+07 	 0.0000000000000000e+00 	 0.0000000000000000e+00 	 0.0000000000000000e+00 	 3.5673238341338539e+10

	 1.7191189343253170e+03 	 0.0000000000000000e+00 	 0.0000000000000000e+00 	 0.0000000000000000e+00 	 0.0000000000000000e+00 	 -3.6280183589138863e+02
	 0.0000000000000000e+00 	 1.7191189343253170e+03 	 0.0000000000000000e+00 	 0.0000000000000000e+00 	 0.0000000000000000e+00 	 2.2078585566142308e+01
	 0.0000000000000000e+00 	 0.0000000000000000e+00 	 1.7191189343253170e+03 	 3.6280183589138863e+02 	 -2.2078585566142308e+01 	 0.0000000000000000e+00
	 0.0000000000000000e+00 	 0.0000000000000000e+00 	 3.6280183589138863e+02 	 5.2943651107706646e+03 	 -1.0771401262857607e+02 	 0.0000000000000000e+00
	 0.0000000000000000e+00 	 0.0000000000000000e+00 	 -2.2078585566142308e+01 	 -1.0771401262857607e+02 	 3.6040212424934412e+03 	 0.0000000000000000e+00
	 -3.6280183589138863e+02 	 2.2078585566142308e+01 	 0.0000000000000000e+00 	 0.0000000000000000e+00 	 0.0000000000000000e+00 	 8.8983863532641153e+03

	 0.100000 
	 2.4213490638578038e+09 	 1.0949247985197045e+08 	 0.0000000000000000e+00 	 0.0000000000000000e+00 	 0.0000000000000000e+00 	 -2.2907784007738385e+08
	 1.0949247985140643e+08 	 3.9912101581831884e+09 	 0.0000000000000000e+00 	 0.0000000000000000e+00 	 0.0000000000000000e+00 	 7.6986141406584069e+07
	 0.0000000000000000e+00 	 0.0000000000000000e+00 	 2.7416495748436749e+10 	 8.4214627376226711e+09 	 -3.7728066985598528e+08 	 0.0000000000000000e+00
	 0.0000000000000000e+00 	 0.0000000000000000e+00 	 8.4214627376218405e+09 	 7.2780201825297867e+10 	 -6.2594650466200056e+09 	 0.0000000000000000e+00
	 0.0000000000000000e+00 	 0.0000000000000000e+00 	 -3.7728066985505944e+08 	 -6.2594650466203213e+09 	 5.2507819191012787e+10 	 0.0000000000000000e+00
	 -2.2907784007769847e+08 	 7.6986141406358913e+07 	 0.0000000000000000e+00 	 0.0000000000000000e+00 	 0.0000000000000000e+00 	 2.5461449415777729e+10

	 1.6967562206977791e+03 	 0.0000000000000000e+00 	 0.0000000000000000e+00 	 0.0000000000000000e+00 	 0.0000000000000000e+00 	 -5.2011231109566529e+02
	 0.0000000000000000e+00 	 1.6967562206977791e+03 	 0.0000000000000000e+00 	 0.0000000000000000e+00 	 0.0000000000000000e+00 	 2.7877233382636128e+01
	 0.0000000000000000e+00 	 0.0000000000000000e+00 	 1.6967562206977791e+03 	 5.2011231109566529e+02 	 -2.7877233382636128e+01 	 0.0000000000000000e+00
	 0.0000000000000000e+00 	 0.0000000000000000e+00 	 5.2011231109566529e+02 	 4.8802012394971971e+03 	 -1.6359020902876762e+02 	 0.0000000000000000e+00
	 0.0000000000000000e+00 	 0.0000000000000000e+00 	 -2.7877233382636128e+01 	 -1.6359020902876762e+02 	 2.7953079522666162e+03 	 0.0000000000000000e+00
	 -5.2011231109566529e+02 	 2.7877233382636128e+01 	 0.0000000000000000e+00 	 0.0000000000000000e+00 	 0.0000000000000000e+00 	 7.6755091917637983e+03

	 0.150000 
	 9.3663893814704537e+08 	 8.0908484513163701e+07 	 0.0000000000000000e+00 	 0.0000000000000000e+00 	 0.0000000000000000e+00 	 1.0858444923578101e+08
	 8.0908484513085246e+07 	 2.3109301270373359e+09 	 0.0000000000000000e+00 	 0.0000000000000000e+00 	 0.0000000000000000e+00 	 1.0324751519608194e+08
	 0.0000000000000000e+00 	 0.0000000000000000e+00 	 2.2733519961884342e+10 	 1.0918686699127682e+10 	 -2.5918580714605954e+08 	 0.0000000000000000e+00
	 0.0000000000000000e+00 	 0.0000000000000000e+00 	 1.0918686699127001e+10 	 5.4809770275176765e+10 	 -4.8509798105129852e+09 	 0.0000000000000000e+00
	 0.0000000000000000e+00 	 0.0000000000000000e+00 	 -2.5918580714590278e+08 	 -4.8509798105128088e+09 	 2.7987233905194469e+10 	 0.0000000000000000e+00
	 1.0858444923579864e+08 	 1.0324751519601159e+08 	 0.0000000000000000e+00 	 0.0000000000000000e+00 	 0.0000000000000000e+00 	 8.0798579398441315e+09

	 1.0541267801144054e+03 	 0.0000000000000000e+00 	 0.0000000000000000e+00 	 0.0000000000000000e+00 	 0.0000000000000000e+00 	 -6.2185389197743223e+02
	 0.0000000000000000e+00 	 1.0541267801144054e+03 	 0.0000000000000000e+00 	 0.0000000000000000e+00 	 0.0000000000000000e+00 	 2.4683788755896732e+01
	 0.0000000000000000e+00 	 0.0000000000000000e+00 	 1.0541267801144054e+03 	 6.2185389197743223e+02 	 -2.4683788755896732e+01 	 0.0000000000000000e+00
	 0.0000000000000000e+00 	 0.0000000000000000e+00 	 6.2185389197743223e+02 	 3.3578281825048889e+03 	 -1.0978701087519140e+02 	 0.0000000000000000e+00
	 0.0000000000000000e+00 	 0.0000000000000000e+00 	 -2.4683788755896732e+01 	 -1.0978701087519140e+02 	 9.5639809556446994e+02 	 0.0000000000000000e+00
	 -6.2185389197743223e+02 	 2.4683788755896732e+01 	 0.0000000000000000e+00 	 0.0000000000000000e+00 	 0.0000000000000000e+00 	 4.3142262780693518e+03

	 0.200000 
	 4.5942400034314275e+08 	 5.0704979414942577e+07 	 0.0000000000000000e+00 	 0.0000000000000000e+00 	 0.0000000000000000e+00 	 4.4628497998295732e+07
	 5.0704979414997585e+07 	 9.6304478098679972e+08 	 0.0000000000000000e+00 	 0.0000000000000000e+00 	 0.0000000000000000e+00 	 6.3398397117675021e+07
	 0.0000000000000000e+00 	 0.0000000000000000e+00 	 2.0448979613205139e+10 	 9.1731328726017284e+09 	 -3.1814117559312719e+08 	 0.0000000000000000e+00
	 0.0000000000000000e+00 	 0.0000000000000000e+00 	 9.1731328726029263e+09 	 3.9184576880936211e+10 	 -3.3942768611113486e+09 	 0.0000000000000000e+00
	 0.0000000000000000e+00 	 0.0000000000000000e+00 	 -3.1814117559312397e+08 	 -3.3942768611117387e+09 	 2.1820370842323910e+10 	 0.0000000000000000e+00
	 4.4628497998584375e+07 	 6.3398397117520168e+07 	 0.0000000000000000e+00 	 0.0000000000000000e+00 	 0.0000000000000000e+00 	 2.7679889312836556e+09

	 6.6864215985460646e+02 	 0.0000000000000000e+00 	 0.0000000000000000e+00 	 0.0000000000000000e+00 	 0.0000000000000000e+00 	 -5.1917110277536995e+02
	 0.0000000000000000e+00 	 6.6864215985460646e+02 	 0.0000000000000000e+00 	 0.0000000000000000e+00 	 0.0000000000000000e+00 	 2.0272163424169779e+01
	 0.0000000000000000e+00 	 0.0000000000000000e+00 	 6.6864215985460646e+02 	 5.1917110277536995e+02 	 -2.0272163424169779e+01 	 0.0000000000000000e+00
	 0.0000000000000000e+00 	 0.0000000000000000e+00 	 5.1917110277536995e+02 	 2.2529970844923396e+03 	 -7.4228469891032091e+01 	 0.0000000000000000e+00
	 0.0000000000000000e+00 	 0.0000000000000000e+00 	 -2.0272163424169779e+01 	 -7.4228469891032091e+01 	 4.7630287160413422e+02 	 0.0000000000000000e+00
	 -5.1917110277536995e+02 	 2.0272163424169779e+01 	 0.0000000000000000e+00 	 0.0000000000000000e+00 	 0.0000000000000000e+00 	 2.7292999560964713e+03

	 0.250000 
	 2.8358897291549397e+08 	 1.9389620356979754e+07 	 0.0000000000000000e+00 	 0.0000000000000000e+00 	 0.0000000000000000e+00 	 3.1641697102353018e+07
	 1.9389620357351847e+07 	 5.0765236390480596e+08 	 0.0000000000000000e+00 	 0.0000000000000000e+00 	 0.0000000000000000e+00 	 3.7468621693021119e+07
	 0.0000000000000000e+00 	 0.0000000000000000e+00 	 2.0516341469589443e+10 	 9.1330656471598816e+09 	 -3.7598614858564270e+08 	 0.0000000000000000e+00
	 0.0000000000000000e+00 	 0.0000000000000000e+00 	 9.1330656471559162e+09 	 3.5683788295883430e+10 	 -1.5406132582731972e+09 	 0.0000000000000000e+00
	 0.0000000000000000e+00 	 0.0000000000000000e+00 	 -3.7598614858543652e+08 	 -1.5406132582745075e+09 	 1.5616754817225616e+10 	 0.0000000000000000e+00
	 3.1641697102035020e+07 	 3.7468621692837738e+07 	 0.0000000000000000e+00 	 0.0000000000000000e+00 	 0.0000000000000000e+00 	 1.0533071667906559e+09

	 5.3392305517431566e+02 	 0.0000000000000000e+00 	 0.0000000000000000e+00 	 0.0000000000000000e+00 	 0.0000000000000000e+00 	 -4.7785797273814524e+02
	 0.0000000000000000e+00 	 5.3392305517431566e+02 	 0.0000000000000000e+00 	 0.0000000000000000e+00 	 0.0000000000000000e+00 	 1.8775019793837586e+01
	 0.0000000000000000e+00 	 0.0000000000000000e+00 	 5.3392305517431566e+02 	 4.7785797273814524e+02 	 -1.8775019793837586e+01 	 0.0000000000000000e+00
	 0.0000000000000000e+00 	 0.0000000000000000e+00 	 4.7785797273814524e+02 	 1.8745256438803785e+03 	 -5.2094856285614412e+01 	 0.0000000000000000e+00
	 0.0000000000000000e+00 	 0.0000000000000000e+00 	 -1.8775019793837586e+01 	 -5.2094856285614412e+01 	 2.6866641629522189e+02 	 0.0000000000000000e+00
	 -4.7785797273814524e+02 	 1.8775019793837586e+01 	 0.0000000000000000e+00 	 0.0000000000000000e+00 	 0.0000000000000000e+00 	 2.1431920601755978e+03

	 0.300000 
	 2.2639607566062489e+08 	 4.2275132680655280e+06 	 0.0000000000000000e+00 	 0.0000000000000000e+00 	 0.0000000000000000e+00 	 1.8726748845117964e+07
	 4.2275132678211760e+06 	 3.6851423193347716e+08 	 0.0000000000000000e+00 	 0.0000000000000000e+00 	 0.0000000000000000e+00 	 3.0216807984200988e+07
	 0.0000000000000000e+00 	 0.0000000000000000e+00 	 2.1413435514496399e+10 	 8.4552217350222387e+09 	 -3.5774040941107774e+08 	 0.0000000000000000e+00
	 0.0000000000000000e+00 	 0.0000000000000000e+00 	 8.4552217350198765e+09 	 3.1566359796541077e+10 	 -6.6365268447824693e+08 	 0.0000000000000000e+00
	 0.0000000000000000e+00 	 0.0000000000000000e+00 	 -3.5774040941219872e+08 	 -6.6365268447830117e+08 	 1.3358911879665468e+10 	 0.0000000000000000e+00
	 1.8726748845041737e+07 	 3.0216807984045874e+07 	 0.0000000000000000e+00 	 0.0000000000000000e+00 	 0.0000000000000000e+00 	 6.4543832137362754e+08

	 4.8727785333393240e+02 	 0.0000000000000000e+00 	 0.0000000000000000e+00 	 0.0000000000000000e+00 	 0.0000000000000000e+00 	 -4.3941870776816569e+02
	 0.0000000000000000e+00 	 4.8727785333393240e+02 	 0.0000000000000000e+00 	 0.0000000000000000e+00 	 0.0000000000000000e+00 	 1.5651818665815574e+01
	 0.0000000000000000e+00 	 0.0000000000000000e+00 	 4.8727785333393240e+02 	 4.3941870776816569e+02 	 -1.5651818665815574e+01 	 0.0000000000000000e+00
	 0.0000000000000000e+00 	 0.0000000000000000e+00 	 4.3941870776816569e+02 	 1.5962240260534118e+03 	 -3.5422642326454998e+01 	 0.0000000000000000e+00
	 0.0000000000000000e+00 	 0.0000000000000000e+00 	 -1.5651818665815574e+01 	 -3.5422642326454998e+01 	 2.0409010516701650e+02 	 0.0000000000000000e+00
	 -4.3941870776816569e+02 	 1.5651818665815574e+01 	 0.0000000000000000e+00 	 0.0000000000000000e+00 	 0.0000000000000000e+00 	 1.8003141312204277e+03

	 0.350000 
	 1.8869146322417641e+08 	 -2.5919282263607560e+06 	 0.0000000000000000e+00 	 0.0000000000000000e+00 	 0.0000000000000000e+00 	 1.1774558992919844e+07
	 -2.5919282260208498e+06 	 3.3991770154058170e+08 	 0.0000000000000000e+00 	 0.0000000000000000e+00 	 0.0000000000000000e+00 	 2.4756274088273864e+07
	 0.0000000000000000e+00 	 0.0000000000000000e+00 	 2.1808485154813934e+10 	 7.9657405299364691e+09 	 -2.8435567838239908e+08 	 0.0000000000000000e+00
	 0.0000000000000000e+00 	 0.0000000000000000e+00 	 7.9657405299373312e+09 	 2.6375031106560802e+10 	 -1.2508907701646392e+08 	 0.0000000000000000e+00
	 0.0000000000000000e+00 	 0.0000000000000000e+00 	 -2.8435567837987787e+08 	 -1.2508907701669468e+08 	 1.0658369195790134e+10 	 0.0000000000000000e+00
	 1.1774558992827732e+07 	 2.4756274090391450e+07 	 0.0000000000000000e+00 	 0.0000000000000000e+00 	 0.0000000000000000e+00 	 4.7167719729639101e+08

	 4.6054755915415814e+02 	 0.0000000000000000e+00 	 0.0000000000000000e+00 	 0.0000000000000000e+00 	 0.0000000000000000e+00 	 -3.9516096413083773e+02
	 0.0000000000000000e+00 	 4.6054755915415814e+02 	 0.0000000000000000e+00 	 0.0000000000000000e+00 	 0.0000000000000000e+00 	 1.2798000398439662e+01
	 0.0000000000000000e+00 	 0.0000000000000000e+00 	 4.6054755915415814e+02 	 3.9516096413083773e+02 	 -1.2798000398439662e+01 	 0.0000000000000000e+00
	 0.0000000000000000e+00 	 0.0000000000000000e+00 	 3.9516096413083773e+02 	 1.3079032729646874e+03 	 -2.4392959966134310e+01 	 0.0000000000000000e+00
	 0.0000000000000000e+00 	 0.0000000000000000e+00 	 -1.2798000398439662e+01 	 -2.4392959966134310e+01 	 1.5474376900283087e+02 	 0.0000000000000000e+00
	 -3.9516096413083773e+02 	 1.2798000398439662e+01 	 0.0000000000000000e+00 	 0.0000000000000000e+00 	 0.0000000000000000e+00 	 1.4626470419675099e+03

	 0.400000 
	 1.6218720221869072e+08 	 -2.4727650933033125e+06 	 0.0000000000000000e+00 	 0.0000000000000000e+00 	 0.0000000000000000e+00 	 1.2554205392706685e+07
	 -2.4727650931227026e+06 	 3.2697660903597963e+08 	 0.0000000000000000e+00 	 0.0000000000000000e+00 	 0.0000000000000000e+00 	 1.8672348265749127e+07
	 0.0000000000000000e+00 	 0.0000000000000000e+00 	 2.1639759282145443e+10 	 6.9777392803442984e+09 	 -1.5385238853311267e+08 	 0.0000000000000000e+00
	 0.0000000000000000e+00 	 0.0000000000000000e+00 	 6.9777392803438444e+09 	 2.2444279481695652e+10 	 -4.0726551853149727e+07 	 0.0000000000000000e+00
	 0.0000000000000000e+00 	 0.0000000000000000e+00 	 -1.5385238853283152e+08 	 -4.0726551852845058e+07 	 8.5328823839847183e+09 	 0.0000000000000000e+00
	 1.2554205392522737e+07 	 1.8672348265894908e+07 	 0.0000000000000000e+00 	 0.0000000000000000e+00 	 0.0000000000000000e+00 	 3.7004597438570911e+08

	 4.3629452138231835e+02 	 0.0000000000000000e+00 	 0.0000000000000000e+00 	 0.0000000000000000e+00 	 0.0000000000000000e+00 	 -3.5255858263022441e+02
	 0.0000000000000000e+00 	 4.3629452138231835e+02 	 0.0000000000000000e+00 	 0.0000000000000000e+00 	 0.0000000000000000e+00 	 9.6359063713897903e+00
	 0.0000000000000000e+00 	 0.0000000000000000e+00 	 4.3629452138231835e+02 	 3.5255858263022441e+02 	 -9.6359063713897903e+00 	 0.0000000000000000e+00
	 0.0000000000000000e+00 	 0.0000000000000000e+00 	 3.5255858263022441e+02 	 1.0946529266882455e+03 	 -1.9650001250397917e+01 	 0.0000000000000000e+00
	 0.0000000000000000e+00 	 0.0000000000000000e+00 	 -9.6359063713897903e+00 	 -1.9650001250397917e+01 	 1.2015533614732634e+02 	 0.0000000000000000e+00
	 -3.5255858263022441e+02 	 9.6359063713897903e+00 	 0.0000000000000000e+00 	 0.0000000000000000e+00 	 0.0000000000000000e+00 	 1.2148082628355694e+03

	 0.450000 
	 1.3828053152178001e+08 	 -1.7316027018469868e+06 	 0.0000000000000000e+00 	 0.0000000000000000e+00 	 0.0000000000000000e+00 	 9.2512964911986161e+06
	 -1.7316027020256659e+06 	 3.1372260231725800e+08 	 0.0000000000000000e+00 	 0.0000000000000000e+00 	 0.0000000000000000e+00 	 1.4116206977627410e+07
	 0.0000000000000000e+00 	 0.0000000000000000e+00 	 2.0792659548070221e+10 	 6.4293124715764475e+09 	 -8.4166614269241065e+07 	 0.0000000000000000e+00
	 0.0000000000000000e+00 	 0.0000000000000000e+00 	 6.4293124715759354e+09 	 1.8885491237399605e+10 	 -2.2179271945041854e+07 	 0.0000000000000000e+00
	 0.0000000000000000e+00 	 0.0000000000000000e+00 	 -8.4166614268706128e+07 	 -2.2179271944368176e+07 	 6.5450723949709110e+09 	 0.0000000000000000e+00
	 9.2512964912683535e+06 	 1.4116206977428451e+07 	 0.0000000000000000e+00 	 0.0000000000000000e+00 	 0.0000000000000000e+00 	 2.8800079976321054e+08

	 4.0686574433871067e+02 	 0.0000000000000000e+00 	 0.0000000000000000e+00 	 0.0000000000000000e+00 	 0.0000000000000000e+00 	 -3.1617867375681806e+02
	 0.0000000000000000e+00 	 4.0686574433871067e+02 	 0.0000000000000000e+00 	 0.0000000000000000e+00 	 0.0000000000000000e+00 	 7.6484693111302722e+00
	 0.0000000000000000e+00 	 0.0000000000000000e+00 	 4.0686574433871067e+02 	 3.1617867375681806e+02 	 -7.6484693111302722e+00 	 0.0000000000000000e+00
	 0.0000000000000000e+00 	 0.0000000000000000e+00 	 3.1617867375681806e+02 	 9.0922971083081109e+02 	 -1.6224802691278104e+01 	 0.0000000000000000e+00
	 0.0000000000000000e+00 	 0.0000000000000000e+00 	 -7.6484693111302722e+00 	 -1.6224802691278104e+01 	 9.0487645069287780e+01 	 0.0000000000000000e+00
	 -3.1617867375681806e+02 	 7.6484693111302722e+00 	 0.0000000000000000e+00 	 0.0000000000000000e+00 	 0.0000000000000000e+00 	 9.9971735590009916e+02

	 0.500000 
	 1.1666125100194956e+08 	 -1.0837234902919827e+06 	 0.0000000000000000e+00 	 0.0000000000000000e+00 	 0.0000000000000000e+00 	 9.4296906705366429e+06
	 -1.0837234903101148e+06 	 3.0284887552290517e+08 	 0.0000000000000000e+00 	 0.0000000000000000e+00 	 0.0000000000000000e+00 	 1.2301817774991306e+07
	 0.0000000000000000e+00 	 0.0000000000000000e+00 	 1.9932834566675037e+10 	 5.5486429976224318e+09 	 -1.4806071262986925e+08 	 0.0000000000000000e+00
	 0.0000000000000000e+00 	 0.0000000000000000e+00 	 5.5486429976219931e+09 	 1.5714496911097691e+10 	 -4.9569460855732039e+07 	 0.0000000000000000e+00
	 0.0000000000000000e+00 	 0.0000000000000000e+00 	 -1.4806071262977591e+08 	 -4.9569460855926335e+07 	 4.8893546642221289e+09 	 0.0000000000000000e+00
	 9.4296906705498472e+06 	 1.2301817774955006e+07 	 0.0000000000000000e+00 	 0.0000000000000000e+00 	 0.0000000000000000e+00 	 2.2099720338974994e+08

	 3.7942286312947408e+02 	 0.0000000000000000e+00 	 0.0000000000000000e+00 	 0.0000000000000000e+00 	 0.0000000000000000e+00 	 -2.7707823506840026e+02
	 0.0000000000000000e+00 	 3.7942286312947408e+02 	 0.0000000000000000e+00 	 0.0000000000000000e+00 	 0.0000000000000000e+00 	 7.9566110515028532e+00
	 0.0000000000000000e+00 	 0.0000000000000000e+00 	 3.7942286312947408e+02 	 2.7707823506840026e+02 	 -7.9566110515028532e+00 	 0.0000000000000000e+00
	 0.0000000000000000e+00 	 0.0000000000000000e+00 	 2.7707823506840026e+02 	 7.4585800207117154e+02 	 -1.4131238510038353e+01 	 0.0000000000000000e+00
	 0.0000000000000000e+00 	 0.0000000000000000e+00 	 -7.9566110515028532e+00 	 -1.4131238510038353e+01 	 6.6490646906855773e+01 	 0.0000000000000000e+00
	 -2.7707823506840026e+02 	 7.9566110515028532e+00 	 0.0000000000000000e+00 	 0.0000000000000000e+00 	 0.0000000000000000e+00 	 8.1234864897802754e+02

	 0.550000 
	 9.7690021307130605e+07 	 -7.0277924022154754e+05 	 0.0000000000000000e+00 	 0.0000000000000000e+00 	 0.0000000000000000e+00 	 7.5813198630541600e+06
	 -7.0277924020629516e+05 	 2.9230155861159641e+08 	 0.0000000000000000e+00 	 0.0000000000000000e+00 	 0.0000000000000000e+00 	 1.1471100760330768e+07
	 0.0000000000000000e+00 	 0.0000000000000000e+00 	 1.8940676321344742e+10 	 4.9902190348476496e+09 	 -2.1861101975323719e+08 	 0.0000000000000000e+00
	 0.0000000000000000e+00 	 0.0000000000000000e+00 	 4.9902190348479309e+09 	 1.2886332260647676e+10 	 -6.2548192750522405e+07 	 0.0000000000000000e+00
	 0.0000000000000000e+00 	 0.0000000000000000e+00 	 -2.1861101975315976e+08 	 -6.2548192750386566e+07 	 3.6008446383173432e+09 	 0.0000000000000000e+00
	 7.5813198630671278e+06 	 1.1471100760308312e+07 	 0.0000000000000000e+00 	 0.0000000000000000e+00 	 0.0000000000000000e+00 	 1.6845980583081231e+08

	 3.5247441248905153e+02 	 0.0000000000000000e+00 	 0.0000000000000000e+00 	 0.0000000000000000e+00 	 0.0000000000000000e+00 	 -2.4262032767683888e+02
	 0.0000000000000000e+00 	 3.5247441248905153e+02 	 0.0000000000000000e+00 	 0.0000000000000000e+00 	 0.0000000000000000e+00 	 8.3422725345134463e+00
	 0.0000000000000000e+00 	 0.0000000000000000e+00 	 3.5247441248905153e+02 	 2.4262032767683888e+02 	 -8.3422725345134463e+00 	 0.0000000000000000e+00
	 0.0000000000000000e+00 	 0.0000000000000000e+00 	 2.4262032767683888e+02 	 6.0387344995610863e+02 	 -1.2132306431829614e+01 	 0.0000000000000000e+00
	 0.0000000000000000e+00 	 0.0000000000000000e+00 	 -8.3422725345134463e+00 	 -1.2132306431829614e+01 	 4.8369886785451392e+01 	 0.0000000000000000e+00
	 -2.4262032767683888e+02 	 8.3422725345134463e+00 	 0.0000000000000000e+00 	 0.0000000000000000e+00 	 0.0000000000000000e+00 	 6.5224333674156389e+02

	 0.600000 
	 8.1452683152641937e+07 	 4.5382366457075928e+05 	 0.0000000000000000e+00 	 0.0000000000000000e+00 	 0.0000000000000000e+00 	 7.5501420037664669e+06
	 4.5382366461779305e+05 	 2.9956087106956714e+08 	 0.0000000000000000e+00 	 0.0000000000000000e+00 	 0.0000000000000000e+00 	 1.2646986508455191e+07
	 0.0000000000000000e+00 	 0.0000000000000000e+00 	 1.7548723364870987e+10 	 3.3733179934784603e+09 	 -3.0213485142262208e+08 	 0.0000000000000000e+00
	 0.0000000000000000e+00 	 0.0000000000000000e+00 	 3.3733179934783969e+09 	 8.4763683411239309e+09 	 -4.5451376123687290e+07 	 0.0000000000000000e+00
	 0.0000000000000000e+00 	 0.0000000000000000e+00 	 -3.0213485142265314e+08 	 -4.5451376123780452e+07 	 2.6529750244258604e+09 	 0.0000000000000000e+00
	 7.5501420038280049e+06 	 1.2646986508453121e+07 	 0.0000000000000000e+00 	 0.0000000000000000e+00 	 0.0000000000000000e+00 	 1.2860147863565104e+08

	 3.0891970375936614e+02 	 0.0000000000000000e+00 	 0.0000000000000000e+00 	 0.0000000000000000e+00 	 0.0000000000000000e+00 	 -1.6819066194236029e+02
	 0.0000000000000000e+00 	 3.0891970375936614e+02 	 0.0000000000000000e+00 	 0.0000000000000000e+00 	 0.0000000000000000e+00 	 8.0684833472822195e+00
	 0.0000000000000000e+00 	 0.0000000000000000e+00 	 3.0891970375936614e+02 	 1.6819066194236029e+02 	 -8.0684833472822195e+00 	 0.0000000000000000e+00
	 0.0000000000000000e+00 	 0.0000000000000000e+00 	 1.6819066194236029e+02 	 3.9670663935378764e+02 	 -8.1894252697745156e+00 	 0.0000000000000000e+00
	 0.0000000000000000e+00 	 0.0000000000000000e+00 	 -8.0684833472822195e+00 	 -8.1894252697745156e+00 	 3.5208060589697205e+01 	 0.0000000000000000e+00
	 -1.6819066194236029e+02 	 8.0684833472822195e+00 	 0.0000000000000000e+00 	 0.0000000000000000e+00 	 0.0000000000000000e+00 	 4.3191469994348557e+02

	 0.650000 
	 6.7213447165090814e+07 	 1.3807920666508165e+06 	 0.0000000000000000e+00 	 0.0000000000000000e+00 	 0.0000000000000000e+00 	 8.1805684768741261e+06
	 1.3807920667117657e+06 	 3.3507665195105481e+08 	 0.0000000000000000e+00 	 0.0000000000000000e+00 	 0.0000000000000000e+00 	 1.5295224720777782e+07
	 0.0000000000000000e+00 	 0.0000000000000000e+00 	 1.5846516796033043e+10 	 1.7727275382074058e+09 	 -3.5910702846850175e+08 	 0.0000000000000000e+00
	 0.0000000000000000e+00 	 0.0000000000000000e+00 	 1.7727275382076542e+09 	 4.6643648060836687e+09 	 -1.1553162608155826e+07 	 0.0000000000000000e+00
	 0.0000000000000000e+00 	 0.0000000000000000e+00 	 -3.5910702846852088e+08 	 -1.1553162608130375e+07 	 1.9161688347287598e+09 	 0.0000000000000000e+00
	 8.1805684768938413e+06 	 1.5295224720772211e+07 	 0.0000000000000000e+00 	 0.0000000000000000e+00 	 0.0000000000000000e+00 	 9.5906060053706408e+07

	 2.6111109670384081e+02 	 0.0000000000000000e+00 	 0.0000000000000000e+00 	 0.0000000000000000e+00 	 0.0000000000000000e+00 	 -9.5277422514316726e+01
	 0.0000000000000000e+00 	 2.6111109670384081e+02 	 0.0000000000000000e+00 	 0.0000000000000000e+00 	 0.0000000000000000e+00 	 7.3514673547894036e+00
	 0.0000000000000000e+00 	 0.0000000000000000e+00 	 2.6111109670384081e+02 	 9.5277422514316726e+01 	 -7.3514673547894036e+00 	 0.0000000000000000e+00
	 0.0000000000000000e+00 	 0.0000000000000000e+00 	 9.5277422514316726e+01 	 2.1946121763269380e+02 	 -4.3671864953996646e+00 	 0.0000000000000000e+00
	 0.0000000000000000e+00 	 0.0000000000000000e+00 	 -7.3514673547894036e+00 	 -4.3671864953996646e+00 	 2.5201233343635945e+01 	 0.0000000000000000e+00
	 -9.5277422514316726e+01 	 7.3514673547894036e+00 	 0.0000000000000000e+00 	 0.0000000000000000e+00 	 0.0000000000000000e+00 	 2.4466245097632952e+02

	 0.700000 
	 5.5712416293933794e+07 	 2.0324601677122517e+06 	 0.0000000000000000e+00 	 0.0000000000000000e+00 	 0.0000000000000000e+00 	 7.9004502555918228e+06
	 2.0324601677938076e+06 	 3.7709616224393368e+08 	 0.0000000000000000e+00 	 0.0000000000000000e+00 	 0.0000000000000000e+00 	 1.8069420276650701e+07
	 0.0000000000000000e+00 	 0.0000000000000000e+00 	 1.4052836709162882e+10 	 1.0118983503404646e+09 	 -4.1173422578770512e+08 	 0.0000000000000000e+00
	 0.0000000000000000e+00 	 0.0000000000000000e+00 	 1.0118983503404644e+09 	 2.9116942787392592e+09 	 -1.6222085874961710e+07 	 0.0000000000000000e+00
	 0.0000000000000000e+00 	 0.0000000000000000e+00 	 -4.1173422578772205e+08 	 -1.6222085874948261e+07 	 1.3504722909492817e+09 	 0.0000000000000000e+00
	 7.9004502555792760e+06 	 1.8069420276667368e+07 	 0.0000000000000000e+00 	 0.0000000000000000e+00 	 0.0000000000000000e+00 	 7.2070819843392268e+07

	 2.2469918049345026e+02 	 0.0000000000000000e+00 	 0.0000000000000000e+00 	 0.0000000000000000e+00 	 0.0000000000000000e+00 	 -5.9521474033000985e+01
	 0.0000000000000000e+00 	 2.2469918049345026e+02 	 0.0000000000000000e+00 	 0.0000000000000000e+00 	 0.0000000000000000e+00 	 7.2627315188032355e+00
	 0.0000000000000000e+00 	 0.0000000000000000e+00 	 2.2469918049345026e+02 	 5.9521474033000985e+01 	 -7.2627315188032355e+00 	 0.0000000000000000e+00
	 0.0000000000000000e+00 	 0.0000000000000000e+00 	 5.9521474033000985e+01 	 1.3496644709108116e+02 	 -2.7520347413563329e+00 	 0.0000000000000000e+00
	 0.0000000000000000e+00 	 0.0000000000000000e+00 	 -7.2627315188032355e+00 	 -2.7520347413563329e+00 	 1.7732859655218245e+01 	 0.0000000000000000e+00
	 -5.9521474033000985e+01 	 7.2627315188032355e+00 	 0.0000000000000000e+00 	 0.0000000000000000e+00 	 0.0000000000000000e+00 	 1.5269930674629916e+02

	 0.750000 
	 4.5183190913943991e+07 	 2.1719984969336484e+06 	 0.0000000000000000e+00 	 0.0000000000000000e+00 	 0.0000000000000000e+00 	 6.7093404626596877e+06
	 2.1719984969279203e+06 	 3.9381790549700814e+08 	 0.0000000000000000e+00 	 0.0000000000000000e+00 	 0.0000000000000000e+00 	 1.9418775640644979e+07
	 0.0000000000000000e+00 	 0.0000000000000000e+00 	 1.1020173377412321e+10 	 6.5329958547445190e+08 	 -3.8743940203850824e+08 	 0.0000000000000000e+00
	 0.0000000000000000e+00 	 0.0000000000000000e+00 	 6.5329958547436345e+08 	 1.9233112833605130e+09 	 -1.7078655496185660e+07 	 0.0000000000000000e+00
	 0.0000000000000000e+00 	 0.0000000000000000e+00 	 -3.8743940203848827e+08 	 -1.7078655496178921e+07 	 8.3816510716200233e+08 	 0.0000000000000000e+00
	 6.7093404626629539e+06 	 1.9418775640624885e+07 	 0.0000000000000000e+00 	 0.0000000000000000e+00 	 0.0000000000000000e+00 	 5.3209754239966363e+07

	 1.8067048817841106e+02 	 0.0000000000000000e+00 	 0.0000000000000000e+00 	 0.0000000000000000e+00 	 0.0000000000000000e+00 	 -3.9832262496888418e+01
	 0.0000000000000000e+00 	 1.8067048817841106e+02 	 0.0000000000000000e+00 	 0.0000000000000000e+00 	 0.0000000000000000e+00 	 6.6259467248320343e+00
	 0.0000000000000000e+00 	 0.0000000000000000e+00 	 1.8067048817841106e+02 	 3.9832262496888418e+01 	 -6.6259467248320343e+00 	 0.0000000000000000e+00
	 0.0000000000000000e+00 	 0.0000000000000000e+00 	 3.9832262496888418e+01 	 8.7571379546312755e+01 	 -1.8873636468414829e+00 	 0.0000000000000000e+00
	 0.0000000000000000e+00 	 0.0000000000000000e+00 	 -6.6259467248320343e+00 	 -1.8873636468414829e+00 	 1.1274883807124400e+01 	 0.0000000000000000e+00
	 -3.9832262496888418e+01 	 6.6259467248320343e+00 	 0.0000000000000000e+00 	 0.0000000000000000e+00 	 0.0000000000000000e+00 	 9.8846263353436740e+01

	 0.800000 
	 3.6724955225485697e+07 	 2.1551821026820205e+06 	 0.0000000000000000e+00 	 0.0000000000000000e+00 	 0.0000000000000000e+00 	 5.7649854906415800e+06
	 2.1551821026858524e+06 	 3.7707567777683169e+08 	 0.0000000000000000e+00 	 0.0000000000000000e+00 	 0.0000000000000000e+00 	 1.7912859248085182e+07
	 0.0000000000000000e+00 	 0.0000000000000000e+00 	 7.3179507961240025e+09 	 3.6591941842128241e+08 	 -2.6164307058418384e+08 	 0.0000000000000000e+00
	 0.0000000000000000e+00 	 0.0000000000000000e+00 	 3.6591941842125976e+08 	 1.1175000204283981e+09 	 -6.9869017875717571e+06 	 0.0000000000000000e+00
	 0.0000000000000000e+00 	 0.0000000000000000e+00 	 -2.6164307058414871e+08 	 -6.9869017875501951e+06 	 4.6624775944940215e+08 	 0.0000000000000000e+00
	 5.7649854906352423e+06 	 1.7912859248084877e+07 	 0.0000000000000000e+00 	 0.0000000000000000e+00 	 0.0000000000000000e+00 	 3.8727994538189709e+07

