 ------- BEAMDYN V1.00.* INDIVIDUAL BLADE INPUT FILE --------------------------
 Test Format 1
 ---------------------- BLADE PARAMETERS --------------------------------------
21   station_total    - Number of blade input stations (-)
 1   damp_type        - Damping type: 0: no damping; 1: damped
  ---------------------- DAMPING COEFFICIENT------------------------------------
   mu1        mu2        mu3        mu4        mu5        mu6
   (-)        (-)        (-)        (-)        (-)        (-)
1.0E-02    1.0E-02    1.0E-02    1.0E-02    1.0E-02    1.0E-02
 ---------------------- DISTRIBUTED PROPERTIES---------------------------------
	 0.000000 
	 6.7365136769398327e+09 	 2.4808574545700066e+06 	 0.0000000000000000e+00 	 0.0000000000000000e+00 	 0.0000000000000000e+00 	 1.4849159909029305e+08
	 2.4808574536132617e+06 	 6.7240891931611490e+09 	 0.0000000000000000e+00 	 0.0000000000000000e+00 	 0.0000000000000000e+00 	 3.8832912209597901e+07
	 0.0000000000000000e+00 	 0.0000000000000000e+00 	 4.6028178193810669e+10 	 -1.0929210501180964e+09 	 1.9932586239143748e+07 	 0.0000000000000000e+00
	 0.0000000000000000e+00 	 0.0000000000000000e+00 	 -1.0929210501040239e+09 	 1.4957916974281958e+11 	 -1.8752299076848432e+07 	 0.0000000000000000e+00
	 0.0000000000000000e+00 	 0.0000000000000000e+00 	 1.9932586233074464e+07 	 -1.8752299075648196e+07 	 1.4970450813272873e+11 	 0.0000000000000000e+00
	 1.4849159909032828e+08 	 3.8832912209617026e+07 	 0.0000000000000000e+00 	 0.0000000000000000e+00 	 0.0000000000000000e+00 	 8.7452069536778839e+10

	 3.1177428027822943e+03 	 0.0000000000000000e+00 	 0.0000000000000000e+00 	 0.0000000000000000e+00 	 0.0000000000000000e+00 	 7.3769181557156770e+01
	 0.0000000000000000e+00 	 3.1177428027822943e+03 	 0.0000000000000000e+00 	 0.0000000000000000e+00 	 0.0000000000000000e+00 	 -3.0661636072031218e-01
	 0.0000000000000000e+00 	 0.0000000000000000e+00 	 3.1177428027822943e+03 	 -7.3769181557156770e+01 	 3.0661636072031218e-01 	 0.0000000000000000e+00
	 0.0000000000000000e+00 	 0.0000000000000000e+00 	 -7.3769181557156770e+01 	 1.0137197095030528e+04 	 1.3252316094770682e+00 	 0.0000000000000000e+00
	 0.0000000000000000e+00 	 0.0000000000000000e+00 	 3.0661636072031218e-01 	 1.3252316094770682e+00 	 1.0137220087422298e+04 	 0.0000000000000000e+00
	 7.3769181557156770e+01 	 -3.0661636072031218e-01 	 0.0000000000000000e+00 	 0.0000000000000000e+00 	 0.0000000000000000e+00 	 2.0274417182452729e+04

	 0.050000 
	 4.2497659672606416e+09 	 -1.9695919779312912e+07 	 0.0000000000000000e+00 	 0.0000000000000000e+00 	 0.0000000000000000e+00 	 -4.3385912269873267e+08
	 -1.9695919779561713e+07 	 5.2067610826017733e+09 	 0.0000000000000000e+00 	 0.0000000000000000e+00 	 0.0000000000000000e+00 	 5.2357838435572796e+07
	 0.0000000000000000e+00 	 0.0000000000000000e+00 	 3.3836822205220978e+10 	 4.0253732126342373e+09 	 -3.1521854657879698e+08 	 0.0000000000000000e+00
	 0.0000000000000000e+00 	 0.0000000000000000e+00 	 4.0253732126362119e+09 	 1.0315195443046394e+11 	 -2.3838409456752834e+09 	 0.0000000000000000e+00
	 0.0000000000000000e+00 	 0.0000000000000000e+00 	 -3.1521854657747149e+08 	 -2.3838409456754827e+09 	 9.2579935344021317e+10 	 0.0000000000000000e+00
	 -4.3385912269863057e+08 	 5.2357838435470350e+07 	 0.0000000000000000e+00 	 0.0000000000000000e+00 	 0.0000000000000000e+00 	 5.4380765356352150e+10

	 2.1998417984237794e+03 	 0.0000000000000000e+00 	 0.0000000000000000e+00 	 0.0000000000000000e+00 	 0.0000000000000000e+00 	 -2.7169556164080217e+02
	 0.0000000000000000e+00 	 2.1998417984237794e+03 	 0.0000000000000000e+00 	 0.0000000000000000e+00 	 0.0000000000000000e+00 	 1.9913185786895653e+01
	 0.0000000000000000e+00 	 0.0000000000000000e+00 	 2.1998417984237794e+03 	 2.7169556164080217e+02 	 -1.9913185786895653e+01 	 0.0000000000000000e+00
	 0.0000000000000000e+00 	 0.0000000000000000e+00 	 2.7169556164080217e+02 	 6.9557422559653805e+03 	 -3.3753065136883279e+01 	 0.0000000000000000e+00
	 0.0000000000000000e+00 	 0.0000000000000000e+00 	 -1.9913185786895653e+01 	 -3.3753065136883279e+01 	 5.8234787358594422e+03 	 0.0000000000000000e+00
	 -2.7169556164080217e+02 	 1.9913185786895653e+01 	 0.0000000000000000e+00 	 0.0000000000000000e+00 	 0.0000000000000000e+00 	 1.2779220991824846e+04

	 0.100000 
	 2.3933844631304946e+09 	 7.3495979279743984e+07 	 0.0000000000000000e+00 	 0.0000000000000000e+00 	 0.0000000000000000e+00 	 -1.7604560578586331e+08
	 7.3495979279422805e+07 	 3.9813491122512188e+09 	 0.0000000000000000e+00 	 0.0000000000000000e+00 	 0.0000000000000000e+00 	 8.9066307148684263e+07
	 0.0000000000000000e+00 	 0.0000000000000000e+00 	 2.7131737636341774e+10 	 7.7062662477169657e+09 	 -2.9542412291656452e+08 	 0.0000000000000000e+00
	 0.0000000000000000e+00 	 0.0000000000000000e+00 	 7.7062662477168741e+09 	 7.0125040713155075e+10 	 -5.2608233296250563e+09 	 0.0000000000000000e+00
	 0.0000000000000000e+00 	 0.0000000000000000e+00 	 -2.9542412291813540e+08 	 -5.2608233296246986e+09 	 5.2625208571291161e+10 	 0.0000000000000000e+00
	 -1.7604560578651404e+08 	 8.9066307148344785e+07 	 0.0000000000000000e+00 	 0.0000000000000000e+00 	 0.0000000000000000e+00 	 2.5252589197262100e+10

	 1.6736286283590828e+03 	 0.0000000000000000e+00 	 0.0000000000000000e+00 	 0.0000000000000000e+00 	 0.0000000000000000e+00 	 -4.8412146408449871e+02
	 0.0000000000000000e+00 	 1.6736286283590828e+03 	 0.0000000000000000e+00 	 0.0000000000000000e+00 	 0.0000000000000000e+00 	 2.1691828024975411e+01
	 0.0000000000000000e+00 	 0.0000000000000000e+00 	 1.6736286283590828e+03 	 4.8412146408449871e+02 	 -2.1691828024975411e+01 	 0.0000000000000000e+00
	 0.0000000000000000e+00 	 0.0000000000000000e+00 	 4.8412146408449871e+02 	 4.7446302323605460e+03 	 -1.2351849672521884e+02 	 0.0000000000000000e+00
	 0.0000000000000000e+00 	 0.0000000000000000e+00 	 -2.1691828024975411e+01 	 -1.2351849672521884e+02 	 2.7743713427839048e+03 	 0.0000000000000000e+00
	 -4.8412146408449871e+02 	 2.1691828024975411e+01 	 0.0000000000000000e+00 	 0.0000000000000000e+00 	 0.0000000000000000e+00 	 7.5190015751444589e+03

	 0.150000 
	 9.2598241315420520e+08 	 7.4765877544199035e+07 	 0.0000000000000000e+00 	 0.0000000000000000e+00 	 0.0000000000000000e+00 	 1.3006260561009499e+08
	 7.4765877539921895e+07 	 2.3384706676626258e+09 	 0.0000000000000000e+00 	 0.0000000000000000e+00 	 0.0000000000000000e+00 	 9.0574054376046911e+07
	 0.0000000000000000e+00 	 0.0000000000000000e+00 	 2.2165496459130878e+10 	 9.1072167292081451e+09 	 -2.0806400907268342e+08 	 0.0000000000000000e+00
	 0.0000000000000000e+00 	 0.0000000000000000e+00 	 9.1072167292134075e+09 	 4.8531772006116402e+10 	 -4.5761332330223722e+09 	 0.0000000000000000e+00
	 0.0000000000000000e+00 	 0.0000000000000000e+00 	 -2.0806400907202846e+08 	 -4.5761332330201330e+09 	 2.8028482463565971e+10 	 0.0000000000000000e+00
	 1.3006260561227387e+08 	 9.0574054376121581e+07 	 0.0000000000000000e+00 	 0.0000000000000000e+00 	 0.0000000000000000e+00 	 7.9822899016858110e+09

	 1.0212603460738259e+03 	 0.0000000000000000e+00 	 0.0000000000000000e+00 	 0.0000000000000000e+00 	 0.0000000000000000e+00 	 -5.3289505892236991e+02
	 0.0000000000000000e+00 	 1.0212603460738259e+03 	 0.0000000000000000e+00 	 0.0000000000000000e+00 	 0.0000000000000000e+00 	 2.2115800518363166e+01
	 0.0000000000000000e+00 	 0.0000000000000000e+00 	 1.0212603460738259e+03 	 5.3289505892236991e+02 	 -2.2115800518363166e+01 	 0.0000000000000000e+00
	 0.0000000000000000e+00 	 0.0000000000000000e+00 	 5.3289505892236991e+02 	 3.0563385816936184e+03 	 -1.0291623492314153e+02 	 0.0000000000000000e+00
	 0.0000000000000000e+00 	 0.0000000000000000e+00 	 -2.2115800518363166e+01 	 -1.0291623492314153e+02 	 9.4935446279163523e+02 	 0.0000000000000000e+00
	 -5.3289505892236991e+02 	 2.2115800518363166e+01 	 0.0000000000000000e+00 	 0.0000000000000000e+00 	 0.0000000000000000e+00 	 4.0056930444852678e+03

	 0.200000 
	 4.5700637875304312e+08 	 4.1013490801790543e+07 	 0.0000000000000000e+00 	 0.0000000000000000e+00 	 0.0000000000000000e+00 	 4.3772353435998537e+07
	 4.1013490801805817e+07 	 9.4266569949124753e+08 	 0.0000000000000000e+00 	 0.0000000000000000e+00 	 0.0000000000000000e+00 	 6.1727136740441844e+07
	 0.0000000000000000e+00 	 0.0000000000000000e+00 	 2.0520554074948490e+10 	 9.4680843811953602e+09 	 -3.3625622236763734e+08 	 0.0000000000000000e+00
	 0.0000000000000000e+00 	 0.0000000000000000e+00 	 9.4680843811959038e+09 	 3.9775071603044647e+10 	 -2.8364907692103415e+09 	 0.0000000000000000e+00
	 0.0000000000000000e+00 	 0.0000000000000000e+00 	 -3.3625622236809462e+08 	 -2.8364907692104759e+09 	 2.1958265339721996e+10 	 0.0000000000000000e+00
	 4.3772353435978763e+07 	 6.1727136740545042e+07 	 0.0000000000000000e+00 	 0.0000000000000000e+00 	 0.0000000000000000e+00 	 2.7154225366761184e+09

	 6.6021178875598071e+02 	 0.0000000000000000e+00 	 0.0000000000000000e+00 	 0.0000000000000000e+00 	 0.0000000000000000e+00 	 -5.1928460580286219e+02
	 0.0000000000000000e+00 	 6.6021178875598071e+02 	 0.0000000000000000e+00 	 0.0000000000000000e+00 	 0.0000000000000000e+00 	 2.0904963397125467e+01
	 0.0000000000000000e+00 	 0.0000000000000000e+00 	 6.6021178875598071e+02 	 5.1928460580286219e+02 	 -2.0904963397125467e+01 	 0.0000000000000000e+00
	 0.0000000000000000e+00 	 0.0000000000000000e+00 	 5.1928460580286219e+02 	 2.2373500523768530e+03 	 -7.3357287669048958e+01 	 0.0000000000000000e+00
	 0.0000000000000000e+00 	 0.0000000000000000e+00 	 -2.0904963397125467e+01 	 -7.3357287669048958e+01 	 4.7089381642522665e+02 	 0.0000000000000000e+00
	 -5.1928460580286219e+02 	 2.0904963397125467e+01 	 0.0000000000000000e+00 	 0.0000000000000000e+00 	 0.0000000000000000e+00 	 2.7082438688020779e+03

	 0.250000 
	 2.8450014178759378e+08 	 1.8817600338171393e+07 	 0.0000000000000000e+00 	 0.0000000000000000e+00 	 0.0000000000000000e+00 	 3.1902067666824743e+07
	 1.8817600337998778e+07 	 5.0222631165634722e+08 	 0.0000000000000000e+00 	 0.0000000000000000e+00 	 0.0000000000000000e+00 	 3.9047570806575105e+07
	 0.0000000000000000e+00 	 0.0000000000000000e+00 	 2.0839824896840279e+10 	 1.0159716712775576e+10 	 -4.0450770446108127e+08 	 0.0000000000000000e+00
	 0.0000000000000000e+00 	 0.0000000000000000e+00 	 1.0159716712776024e+10 	 3.9186905898300018e+10 	 -1.6776380281394231e+09 	 0.0000000000000000e+00
	 0.0000000000000000e+00 	 0.0000000000000000e+00 	 -4.0450770446118444e+08 	 -1.6776380281390889e+09 	 1.5591182142549093e+10 	 0.0000000000000000e+00
	 3.1902067667395473e+07 	 3.9047570806789212e+07 	 0.0000000000000000e+00 	 0.0000000000000000e+00 	 0.0000000000000000e+00 	 1.0592627324043295e+09

	 5.4313482288549483e+02 	 0.0000000000000000e+00 	 0.0000000000000000e+00 	 0.0000000000000000e+00 	 0.0000000000000000e+00 	 -5.2638027897632639e+02
	 0.0000000000000000e+00 	 5.4313482288549483e+02 	 0.0000000000000000e+00 	 0.0000000000000000e+00 	 0.0000000000000000e+00 	 2.0255814842330054e+01
	 0.0000000000000000e+00 	 0.0000000000000000e+00 	 5.4313482288549483e+02 	 5.2638027897632639e+02 	 -2.0255814842330054e+01 	 0.0000000000000000e+00
	 0.0000000000000000e+00 	 0.0000000000000000e+00 	 5.2638027897632639e+02 	 2.0268044029634013e+03 	 -5.7826942475340950e+01 	 0.0000000000000000e+00
	 0.0000000000000000e+00 	 0.0000000000000000e+00 	 -2.0255814842330054e+01 	 -5.7826942475340950e+01 	 2.6466557106053892e+02 	 0.0000000000000000e+00
	 -5.2638027897632639e+02 	 2.0255814842330054e+01 	 0.0000000000000000e+00 	 0.0000000000000000e+00 	 0.0000000000000000e+00 	 2.2914699740239475e+03

	 0.300000 
	 2.2898944466038904e+08 	 7.3611508706750060e+06 	 0.0000000000000000e+00 	 0.0000000000000000e+00 	 0.0000000000000000e+00 	 2.2503878156157289e+07
	 7.3611508708057236e+06 	 3.5284528236312419e+08 	 0.0000000000000000e+00 	 0.0000000000000000e+00 	 0.0000000000000000e+00 	 2.7162603617186327e+07
	 0.0000000000000000e+00 	 0.0000000000000000e+00 	 2.2449611850536308e+10 	 1.1946957522669508e+10 	 -3.8910374068263078e+08 	 0.0000000000000000e+00
	 0.0000000000000000e+00 	 0.0000000000000000e+00 	 1.1946957522669592e+10 	 4.3412627909833046e+10 	 -1.1202505238844681e+09 	 0.0000000000000000e+00
	 0.0000000000000000e+00 	 0.0000000000000000e+00 	 -3.8910374068318623e+08 	 -1.1202505238846049e+09 	 1.3578429954666233e+10 	 0.0000000000000000e+00
	 2.2503878156450603e+07 	 2.7162603617302820e+07 	 0.0000000000000000e+00 	 0.0000000000000000e+00 	 0.0000000000000000e+00 	 6.5406932144419920e+08

	 5.2841957380962197e+02 	 0.0000000000000000e+00 	 0.0000000000000000e+00 	 0.0000000000000000e+00 	 0.0000000000000000e+00 	 -5.9134729854556963e+02
	 0.0000000000000000e+00 	 5.2841957380962197e+02 	 0.0000000000000000e+00 	 0.0000000000000000e+00 	 0.0000000000000000e+00 	 1.8016743388419542e+01
	 0.0000000000000000e+00 	 0.0000000000000000e+00 	 5.2841957380962197e+02 	 5.9134729854556963e+02 	 -1.8016743388419542e+01 	 0.0000000000000000e+00
	 0.0000000000000000e+00 	 0.0000000000000000e+00 	 5.9134729854556963e+02 	 2.1010143249070989e+03 	 -4.8447450913861871e+01 	 0.0000000000000000e+00
	 0.0000000000000000e+00 	 0.0000000000000000e+00 	 -1.8016743388419542e+01 	 -4.8447450913861871e+01 	 2.0525859188231377e+02 	 0.0000000000000000e+00
	 -5.9134729854556963e+02 	 1.8016743388419542e+01 	 0.0000000000000000e+00 	 0.0000000000000000e+00 	 0.0000000000000000e+00 	 2.3062729167894136e+03

	 0.350000 
	 1.9188461110389459e+08 	 1.6148224058484698e+06 	 0.0000000000000000e+00 	 0.0000000000000000e+00 	 0.0000000000000000e+00 	 1.1389104646981400e+07
	 1.6148224059090042e+06 	 3.2182162020215398e+08 	 0.0000000000000000e+00 	 0.0000000000000000e+00 	 0.0000000000000000e+00 	 2.2185537029422387e+07
	 0.0000000000000000e+00 	 0.0000000000000000e+00 	 2.3388642976433887e+10 	 1.3085219070314413e+10 	 -3.3809753408948272e+08 	 0.0000000000000000e+00
	 0.0000000000000000e+00 	 0.0000000000000000e+00 	 1.3085219070314167e+10 	 4.2916287834795288e+10 	 -7.1129140703406298e+08 	 0.0000000000000000e+00
	 0.0000000000000000e+00 	 0.0000000000000000e+00 	 -3.3809753408970368e+08 	 -7.1129140703412771e+08 	 1.0898064203797548e+10 	 0.0000000000000000e+00
	 1.1389104646916214e+07 	 2.2185537029231545e+07 	 0.0000000000000000e+00 	 0.0000000000000000e+00 	 0.0000000000000000e+00 	 4.8242362419712776e+08

	 5.2596628596393202e+02 	 0.0000000000000000e+00 	 0.0000000000000000e+00 	 0.0000000000000000e+00 	 0.0000000000000000e+00 	 -6.1710353044407248e+02
	 0.0000000000000000e+00 	 5.2596628596393202e+02 	 0.0000000000000000e+00 	 0.0000000000000000e+00 	 0.0000000000000000e+00 	 1.6029237635093484e+01
	 0.0000000000000000e+00 	 0.0000000000000000e+00 	 5.2596628596393202e+02 	 6.1710353044407248e+02 	 -1.6029237635093484e+01 	 0.0000000000000000e+00
	 0.0000000000000000e+00 	 0.0000000000000000e+00 	 6.1710353044407248e+02 	 2.0116044695717628e+03 	 -4.0158160900888177e+01 	 0.0000000000000000e+00
	 0.0000000000000000e+00 	 0.0000000000000000e+00 	 -1.6029237635093484e+01 	 -4.0158160900888177e+01 	 1.5672392689452801e+02 	 0.0000000000000000e+00
	 -6.1710353044407248e+02 	 1.6029237635093484e+01 	 0.0000000000000000e+00 	 0.0000000000000000e+00 	 0.0000000000000000e+00 	 2.1683283964662892e+03

	 0.400000 
	 1.6249689484832296e+08 	 1.0921186882923285e+06 	 0.0000000000000000e+00 	 0.0000000000000000e+00 	 0.0000000000000000e+00 	 2.0674784886004616e+07
	 1.0921186882747358e+06 	 3.0105358126192135e+08 	 0.0000000000000000e+00 	 0.0000000000000000e+00 	 0.0000000000000000e+00 	 9.7252450813317653e+06
	 0.0000000000000000e+00 	 0.0000000000000000e+00 	 2.1685624795321255e+10 	 6.8633893236298351e+09 	 -1.8606236121931756e+08 	 0.0000000000000000e+00
	 0.0000000000000000e+00 	 0.0000000000000000e+00 	 6.8633893236294107e+09 	 2.1267135459195724e+10 	 -2.7460191368909466e+08 	 0.0000000000000000e+00
	 0.0000000000000000e+00 	 0.0000000000000000e+00 	 -1.8606236121962979e+08 	 -2.7460191368907923e+08 	 8.6260098067545280e+09 	 0.0000000000000000e+00
	 2.0674784885761514e+07 	 9.7252450815462843e+06 	 0.0000000000000000e+00 	 0.0000000000000000e+00 	 0.0000000000000000e+00 	 3.7035060555571657e+08

	 4.3306094539844287e+02 	 0.0000000000000000e+00 	 0.0000000000000000e+00 	 0.0000000000000000e+00 	 0.0000000000000000e+00 	 -3.4336968283576817e+02
	 0.0000000000000000e+00 	 4.3306094539844287e+02 	 0.0000000000000000e+00 	 0.0000000000000000e+00 	 0.0000000000000000e+00 	 1.1400460471856787e+01
	 0.0000000000000000e+00 	 0.0000000000000000e+00 	 4.3306094539844287e+02 	 3.4336968283576817e+02 	 -1.1400460471856787e+01 	 0.0000000000000000e+00
	 0.0000000000000000e+00 	 0.0000000000000000e+00 	 3.4336968283576817e+02 	 1.0284629267758623e+03 	 -2.6444458347145694e+01 	 0.0000000000000000e+00
	 0.0000000000000000e+00 	 0.0000000000000000e+00 	 -1.1400460471856787e+01 	 -2.6444458347145694e+01 	 1.2020662047431179e+02 	 0.0000000000000000e+00
	 -3.4336968283576817e+02 	 1.1400460471856787e+01 	 0.0000000000000000e+00 	 0.0000000000000000e+00 	 0.0000000000000000e+00 	 1.1486695472501719e+03

	 0.450000 
	 1.3731255772366223e+08 	 -1.6398725565031165e+05 	 0.0000000000000000e+00 	 0.0000000000000000e+00 	 0.0000000000000000e+00 	 1.6075020979983732e+07
	 -1.6398725575950902e+05 	 2.9434681917875916e+08 	 0.0000000000000000e+00 	 0.0000000000000000e+00 	 0.0000000000000000e+00 	 7.6739501544775991e+06
	 0.0000000000000000e+00 	 0.0000000000000000e+00 	 2.0660585427635777e+10 	 5.8548601493360434e+09 	 -1.1315874149910904e+08 	 0.0000000000000000e+00
	 0.0000000000000000e+00 	 0.0000000000000000e+00 	 5.8548601493376369e+09 	 1.6669605597919090e+10 	 -9.0046546659561858e+07 	 0.0000000000000000e+00
	 0.0000000000000000e+00 	 0.0000000000000000e+00 	 -1.1315874149931417e+08 	 -9.0046546659657389e+07 	 6.5567966898659801e+09 	 0.0000000000000000e+00
	 1.6075020980028719e+07 	 7.6739501547860820e+06 	 0.0000000000000000e+00 	 0.0000000000000000e+00 	 0.0000000000000000e+00 	 2.8395175016187400e+08

	 3.9534237910324435e+02 	 0.0000000000000000e+00 	 0.0000000000000000e+00 	 0.0000000000000000e+00 	 0.0000000000000000e+00 	 -2.8606621409747169e+02
	 0.0000000000000000e+00 	 3.9534237910324435e+02 	 0.0000000000000000e+00 	 0.0000000000000000e+00 	 0.0000000000000000e+00 	 8.7314559348629359e+00
	 0.0000000000000000e+00 	 0.0000000000000000e+00 	 3.9534237910324435e+02 	 2.8606621409747169e+02 	 -8.7314559348629359e+00 	 0.0000000000000000e+00
	 0.0000000000000000e+00 	 0.0000000000000000e+00 	 2.8606621409747169e+02 	 7.9850150066337937e+02 	 -1.9069574790087714e+01 	 0.0000000000000000e+00
	 0.0000000000000000e+00 	 0.0000000000000000e+00 	 -8.7314559348629359e+00 	 -1.9069574790087714e+01 	 8.9627540008016865e+01 	 0.0000000000000000e+00
	 -2.8606621409747169e+02 	 8.7314559348629359e+00 	 0.0000000000000000e+00 	 0.0000000000000000e+00 	 0.0000000000000000e+00 	 8.8812904067139743e+02

	 0.500000 
	 1.5088030972199824e+08 	 4.6274790470157703e+06 	 0.0000000000000000e+00 	 0.0000000000000000e+00 	 0.0000000000000000e+00 	 3.5669271309065804e+07
	 4.6274790274383146e+06 	 5.4913320410255194e+08 	 0.0000000000000000e+00 	 0.0000000000000000e+00 	 0.0000000000000000e+00 	 5.1704373965066252e+06
	 0.0000000000000000e+00 	 0.0000000000000000e+00 	 2.0736302382409161e+10 	 7.0672767707170849e+09 	 -1.6437747862598792e+08 	 0.0000000000000000e+00
	 0.0000000000000000e+00 	 0.0000000000000000e+00 	 7.0672767707207947e+09 	 2.0554364635292229e+10 	 -9.1926589831019282e+07 	 0.0000000000000000e+00
	 0.0000000000000000e+00 	 0.0000000000000000e+00 	 -1.6437747862179527e+08 	 -9.1926589828240618e+07 	 4.9402334104760084e+09 	 0.0000000000000000e+00
	 3.5669271308760032e+07 	 5.1704373990339087e+06 	 0.0000000000000000e+00 	 0.0000000000000000e+00 	 0.0000000000000000e+00 	 3.5321575511931133e+08

	 4.8336604219223136e+02 	 0.0000000000000000e+00 	 0.0000000000000000e+00 	 0.0000000000000000e+00 	 0.0000000000000000e+00 	 -3.3377396495489091e+02
	 0.0000000000000000e+00 	 4.8336604219223136e+02 	 0.0000000000000000e+00 	 0.0000000000000000e+00 	 0.0000000000000000e+00 	 7.3026267476555553e+00
	 0.0000000000000000e+00 	 0.0000000000000000e+00 	 4.8336604219223136e+02 	 3.3377396495489091e+02 	 -7.3026267476555553e+00 	 0.0000000000000000e+00
	 0.0000000000000000e+00 	 0.0000000000000000e+00 	 3.3377396495489091e+02 	 1.1066551303329634e+03 	 -1.4484226449641477e+01 	 0.0000000000000000e+00
	 0.0000000000000000e+00 	 0.0000000000000000e+00 	 -7.3026267476555553e+00 	 -1.4484226449641477e+01 	 7.3748519180442145e+01 	 0.0000000000000000e+00
	 -3.3377396495489091e+02 	 7.3026267476555553e+00 	 0.0000000000000000e+00 	 0.0000000000000000e+00 	 0.0000000000000000e+00 	 1.1804036495134051e+03

	 0.550000 
	 9.6938049407908425e+07 	 -1.3072126896475954e+06 	 0.0000000000000000e+00 	 0.0000000000000000e+00 	 0.0000000000000000e+00 	 1.0053043207698887e+07
	 -1.3072126895564441e+06 	 2.9585332209083068e+08 	 0.0000000000000000e+00 	 0.0000000000000000e+00 	 0.0000000000000000e+00 	 1.3066546746827982e+07
	 0.0000000000000000e+00 	 0.0000000000000000e+00 	 1.8812499652465149e+10 	 4.7663892536330833e+09 	 -2.0004204937654704e+08 	 0.0000000000000000e+00
	 0.0000000000000000e+00 	 0.0000000000000000e+00 	 4.7663892536329002e+09 	 1.2581666695042267e+10 	 -1.9571390762480091e+07 	 0.0000000000000000e+00
	 0.0000000000000000e+00 	 0.0000000000000000e+00 	 -2.0004204937651458e+08 	 -1.9571390762492601e+07 	 3.6066391837233820e+09 	 0.0000000000000000e+00
	 1.0053043207738746e+07 	 1.3066546746700555e+07 	 0.0000000000000000e+00 	 0.0000000000000000e+00 	 0.0000000000000000e+00 	 1.6453297466114363e+08

	 3.4268690988877484e+02 	 0.0000000000000000e+00 	 0.0000000000000000e+00 	 0.0000000000000000e+00 	 0.0000000000000000e+00 	 -2.3105250855070892e+02
	 0.0000000000000000e+00 	 3.4268690988877484e+02 	 0.0000000000000000e+00 	 0.0000000000000000e+00 	 0.0000000000000000e+00 	 7.4139147585211758e+00
	 0.0000000000000000e+00 	 0.0000000000000000e+00 	 3.4268690988877484e+02 	 2.3105250855070892e+02 	 -7.4139147585211758e+00 	 0.0000000000000000e+00
	 0.0000000000000000e+00 	 0.0000000000000000e+00 	 2.3105250855070892e+02 	 5.8576166355753037e+02 	 -1.0223210639144034e+01 	 0.0000000000000000e+00
	 0.0000000000000000e+00 	 0.0000000000000000e+00 	 -7.4139147585211758e+00 	 -1.0223210639144034e+01 	 4.7785113915723201e+01 	 0.0000000000000000e+00
	 -2.3105250855070892e+02 	 7.4139147585211758e+00 	 0.0000000000000000e+00 	 0.0000000000000000e+00 	 0.0000000000000000e+00 	 6.3354677747325434e+02

	 0.600000 
	 8.0623893984770134e+07 	 5.9592862208670645e+05 	 0.0000000000000000e+00 	 0.0000000000000000e+00 	 0.0000000000000000e+00 	 9.4523766583909020e+06
	 5.9592862215104664e+05 	 3.1305202113111240e+08 	 0.0000000000000000e+00 	 0.0000000000000000e+00 	 0.0000000000000000e+00 	 1.2996250960948426e+07
	 0.0000000000000000e+00 	 0.0000000000000000e+00 	 1.7206474606932968e+10 	 2.6186378509546251e+09 	 -2.8179400521036315e+08 	 0.0000000000000000e+00
	 0.0000000000000000e+00 	 0.0000000000000000e+00 	 2.6186378509541898e+09 	 6.8319965465882826e+09 	 -2.4605575481480194e+05 	 0.0000000000000000e+00
	 0.0000000000000000e+00 	 0.0000000000000000e+00 	 -2.8179400521032315e+08 	 -2.4605575505047559e+05 	 2.6576145814848490e+09 	 0.0000000000000000e+00
	 9.4523766583432034e+06 	 1.2996250961247018e+07 	 0.0000000000000000e+00 	 0.0000000000000000e+00 	 0.0000000000000000e+00 	 1.2454780382265297e+08

	 2.9153725494369996e+02 	 0.0000000000000000e+00 	 0.0000000000000000e+00 	 0.0000000000000000e+00 	 0.0000000000000000e+00 	 -1.3515454099272924e+02
	 0.0000000000000000e+00 	 2.9153725494369996e+02 	 0.0000000000000000e+00 	 0.0000000000000000e+00 	 0.0000000000000000e+00 	 7.0763246156745048e+00
	 0.0000000000000000e+00 	 0.0000000000000000e+00 	 2.9153725494369996e+02 	 1.3515454099272924e+02 	 -7.0763246156745048e+00 	 0.0000000000000000e+00
	 0.0000000000000000e+00 	 0.0000000000000000e+00 	 1.3515454099272924e+02 	 3.2625145528999809e+02 	 -6.2111590185494814e+00 	 0.0000000000000000e+00
	 0.0000000000000000e+00 	 0.0000000000000000e+00 	 -7.0763246156745048e+00 	 -6.2111590185494814e+00 	 3.4778584011369453e+01 	 0.0000000000000000e+00
	 -1.3515454099272924e+02 	 7.0763246156745048e+00 	 0.0000000000000000e+00 	 0.0000000000000000e+00 	 0.0000000000000000e+00 	 3.6103003930136686e+02

	 0.650000 
	 6.7361653623758659e+07 	 2.4117390703490279e+06 	 0.0000000000000000e+00 	 0.0000000000000000e+00 	 0.0000000000000000e+00 	 1.0438405590426270e+07
	 2.4117395473702531e+06 	 3.7583835984402257e+08 	 0.0000000000000000e+00 	 0.0000000000000000e+00 	 0.0000000000000000e+00 	 1.5310428648957679e+07
	 0.0000000000000000e+00 	 0.0000000000000000e+00 	 1.5622025106571259e+10 	 1.2607423846655989e+09 	 -3.4921876871367681e+08 	 0.0000000000000000e+00
	 0.0000000000000000e+00 	 0.0000000000000000e+00 	 1.2607423845855262e+09 	 3.6018237555072513e+09 	 1.0313523077692812e+07 	 0.0000000000000000e+00
	 0.0000000000000000e+00 	 0.0000000000000000e+00 	 -3.4921876874926025e+08 	 1.0313522978101669e+07 	 1.9212542161852036e+09 	 0.0000000000000000e+00
	 1.0438405667486029e+07 	 1.5310428780266304e+07 	 0.0000000000000000e+00 	 0.0000000000000000e+00 	 0.0000000000000000e+00 	 9.3646317225377709e+07

	 2.5079127665567273e+02 	 0.0000000000000000e+00 	 0.0000000000000000e+00 	 0.0000000000000000e+00 	 0.0000000000000000e+00 	 -7.2049317057261632e+01
	 0.0000000000000000e+00 	 2.5079127665567273e+02 	 0.0000000000000000e+00 	 0.0000000000000000e+00 	 0.0000000000000000e+00 	 6.8256845335284444e+00
	 0.0000000000000000e+00 	 0.0000000000000000e+00 	 2.5079127665567273e+02 	 7.2049317057261632e+01 	 -6.8256845335284444e+00 	 0.0000000000000000e+00
	 0.0000000000000000e+00 	 0.0000000000000000e+00 	 7.2049317057261632e+01 	 1.7732726938806621e+02 	 -3.3687659073384273e+00 	 0.0000000000000000e+00
	 0.0000000000000000e+00 	 0.0000000000000000e+00 	 -6.8256845335284444e+00 	 -3.3687659073384273e+00 	 2.4946157153832729e+01 	 0.0000000000000000e+00
	 -7.2049317057261632e+01 	 6.8256845335284444e+00 	 0.0000000000000000e+00 	 0.0000000000000000e+00 	 0.0000000000000000e+00 	 2.0227342654189891e+02

	 0.700000 
	 5.5056875324655466e+07 	 3.3512733364127027e+06 	 0.0000000000000000e+00 	 0.0000000000000000e+00 	 0.0000000000000000e+00 	 9.1256188944813516e+06
	 3.3512733363780691e+06 	 4.2979325038534826e+08 	 0.0000000000000000e+00 	 0.0000000000000000e+00 	 0.0000000000000000e+00 	 1.8295961600440666e+07
	 0.0000000000000000e+00 	 0.0000000000000000e+00 	 1.3873289111400909e+10 	 7.1767473778224349e+08 	 -4.0581510968297380e+08 	 0.0000000000000000e+00
	 0.0000000000000000e+00 	 0.0000000000000000e+00 	 7.1767473778228033e+08 	 2.3249986113893185e+09 	 -6.7181211502067158e+06 	 0.0000000000000000e+00
	 0.0000000000000000e+00 	 0.0000000000000000e+00 	 -4.0581510968299246e+08 	 -6.7181211503322180e+06 	 1.3516094608990982e+09 	 0.0000000000000000e+00
	 9.1256188944643792e+06 	 1.8295961600397300e+07 	 0.0000000000000000e+00 	 0.0000000000000000e+00 	 0.0000000000000000e+00 	 6.9038373899798274e+07

	 2.1495282160103883e+02 	 0.0000000000000000e+00 	 0.0000000000000000e+00 	 0.0000000000000000e+00 	 0.0000000000000000e+00 	 -4.6135874625832166e+01
	 0.0000000000000000e+00 	 2.1495282160103883e+02 	 0.0000000000000000e+00 	 0.0000000000000000e+00 	 0.0000000000000000e+00 	 6.9249343827698278e+00
	 0.0000000000000000e+00 	 0.0000000000000000e+00 	 2.1495282160103883e+02 	 4.6135874625832166e+01 	 -6.9249343827698278e+00 	 0.0000000000000000e+00
	 0.0000000000000000e+00 	 0.0000000000000000e+00 	 4.6135874625832166e+01 	 1.0779332698492144e+02 	 -2.2938688677115078e+00 	 0.0000000000000000e+00
	 0.0000000000000000e+00 	 0.0000000000000000e+00 	 -6.9249343827698278e+00 	 -2.2938688677115078e+00 	 1.7508607014948026e+01 	 0.0000000000000000e+00
	 -4.6135874625832166e+01 	 6.9249343827698278e+00 	 0.0000000000000000e+00 	 0.0000000000000000e+00 	 0.0000000000000000e+00 	 1.2530193399986932e+02

	 0.750000 
	 4.3530185978373595e+07 	 2.4984903947710446e+06 	 0.0000000000000000e+00 	 0.0000000000000000e+00 	 0.0000000000000000e+00 	 9.7986696920925733e+06
	 2.4984903948690603e+06 	 3.7990958424891001e+08 	 0.0000000000000000e+00 	 0.0000000000000000e+00 	 0.0000000000000000e+00 	 1.7529454052269761e+07
	 0.0000000000000000e+00 	 0.0000000000000000e+00 	 1.0774272548656799e+10 	 3.0529271504882532e+08 	 -3.7630394637818861e+08 	 0.0000000000000000e+00
	 0.0000000000000000e+00 	 0.0000000000000000e+00 	 3.0529271504879266e+08 	 1.4016875075403867e+09 	 -3.5194951551866722e+06 	 0.0000000000000000e+00
	 0.0000000000000000e+00 	 0.0000000000000000e+00 	 -3.7630394637815952e+08 	 -3.5194951552143646e+06 	 8.3653914170215285e+08 	 0.0000000000000000e+00
	 9.7986696921267416e+06 	 1.7529454052345935e+07 	 0.0000000000000000e+00 	 0.0000000000000000e+00 	 0.0000000000000000e+00 	 4.6251644331110157e+07

	 1.6556554018489129e+02 	 0.0000000000000000e+00 	 0.0000000000000000e+00 	 0.0000000000000000e+00 	 0.0000000000000000e+00 	 -2.1189256392217864e+01
	 0.0000000000000000e+00 	 1.6556554018489129e+02 	 0.0000000000000000e+00 	 0.0000000000000000e+00 	 0.0000000000000000e+00 	 5.9244234647229197e+00
	 0.0000000000000000e+00 	 0.0000000000000000e+00 	 1.6556554018489129e+02 	 2.1189256392217864e+01 	 -5.9244234647229197e+00 	 0.0000000000000000e+00
	 0.0000000000000000e+00 	 0.0000000000000000e+00 	 2.1189256392217864e+01 	 5.8238627716076365e+01 	 -1.0380971490762003e+00 	 0.0000000000000000e+00
	 0.0000000000000000e+00 	 0.0000000000000000e+00 	 -5.9244234647229197e+00 	 -1.0380971490762003e+00 	 1.1003056155249192e+01 	 0.0000000000000000e+00
	 -2.1189256392217864e+01 	 5.9244234647229197e+00 	 0.0000000000000000e+00 	 0.0000000000000000e+00 	 0.0000000000000000e+00 	 6.9241683871325506e+01

	 0.800000 
	 3.5685952400392644e+07 	 2.4629207003567503e+06 	 0.0000000000000000e+00 	 0.0000000000000000e+00 	 0.0000000000000000e+00 	 8.2621101273490004e+06
	 2.4629207003849149e+06 	 3.4040222589406431e+08 	 0.0000000000000000e+00 	 0.0000000000000000e+00 	 0.0000000000000000e+00 	 1.5278980489105953e+07
	 0.0000000000000000e+00 	 0.0000000000000000e+00 	 7.1744725015402946e+09 	 1.6454248745371673e+08 	 -2.5509357810340777e+08 	 0.0000000000000000e+00
	 0.0000000000000000e+00 	 0.0000000000000000e+00 	 1.6454248745362490e+08 	 8.9763258655981481e+08 	 -1.7851590863264029e+05 	 0.0000000000000000e+00
	 0.0000000000000000e+00 	 0.0000000000000000e+00 	 -2.5509357810338178e+08 	 -1.7851590859643900e+05 	 4.6473046793967581e+08 	 0.0000000000000000e+00
	 8.2621101273521855e+06 	 1.5278980489033824e+07 	 0.0000000000000000e+00 	 0.0000000000000000e+00 	 0.0000000000000000e+00 	 3.4580134727774151e+07

	 1.1950537851450858e+02 	 0.0000000000000000e+00 	 0.0000000000000000e+00 	 0.0000000000000000e+00 	 0.0000000000000000e+00 	 -1.2962760991838790e+01
	 0.0000000000000000e+00 	 1.1950537851450858e+02 	 0.0000000000000000e+00 	 0.0000000000000000e+00 	 0.0000000000000000e+00 	 4.2847870373803509e+00
	 0.0000000000000000e+00 	 0.0000000000000000e+00 	 1.1950537851450858e+02 	 1.2962760991838790e+01 	 -4.2847870373803509e+00 	 0.0000000000000000e+00
	 0.0000000000000000e+00 	 0.0000000000000000e+00 	 1.2962760991838790e+01 	 3.7911536941373697e+01 	 -6.3398812519194747e-01 	 0.0000000000000000e+00
	 0.0000000000000000e+00 	 0.0000000000000000e+00 	 -4.2847870373803509e+00 	 -6.3398812519194747e-01 	 6.4801254804532133e+00 	 0.0000000000000000e+00
	 -1.2962760991838790e+01 	 4.2847870373803509e+00 	 0.0000000000000000e+00 	 0.0000000000000000e+00 	 0.0000000000000000e+00 	 4.4391662421826958e+01

	 0.850000 
	 2.6655606210238803e+07 	 2.1809106818618691e+06 	 0.0000000000000000e+00 	 0.0000000000000000e+00 	 0.0000000000000000e+00 	 5.1321222316572834e+06
	 2.1809106818508548e+06 	 2.5570977244411731e+08 	 0.0000000000000000e+00 	 0.0000000000000000e+00 	 0.0000000000000000e+00 	 9.8022373071566094e+06
	 0.0000000000000000e+00 	 0.0000000000000000e+00 	 4.3897462649015465e+09 	 7.6021243219468102e+07 	 -1.4400770875202954e+08 	 0.0000000000000000e+00
	 0.0000000000000000e+00 	 0.0000000000000000e+00 	 7.6021243219498351e+07 	 4.4821003042980200e+08 	 6.1083457348489726e+05 	 0.0000000000000000e+00
	 0.0000000000000000e+00 	 0.0000000000000000e+00 	 -1.4400770875200278e+08 	 6.1083457347552211e+05 	 2.4309039541233024e+08 	 0.0000000000000000e+00
	 5.1321222316538263e+06 	 9.8022373071927223e+06 	 0.0000000000000000e+00 	 0.0000000000000000e+00 	 0.0000000000000000e+00 	 2.1138306127483226e+07

	 7.4834929092239406e+01 	 0.0000000000000000e+00 	 0.0000000000000000e+00 	 0.0000000000000000e+00 	 0.0000000000000000e+00 	 -6.2809892172885649e+00
	 0.0000000000000000e+00 	 7.4834929092239406e+01 	 0.0000000000000000e+00 	 0.0000000000000000e+00 	 0.0000000000000000e+00 	 2.4651410090157495e+00
	 0.0000000000000000e+00 	 0.0000000000000000e+00 	 7.4834929092239406e+01 	 6.2809892172885649e+00 	 -2.4651410090157495e+00 	 0.0000000000000000e+00
	 0.0000000000000000e+00 	 0.0000000000000000e+00 	 6.2809892172885649e+00 	 1.8191672128653803e+01 	 -2.9138363378130350e-01 	 0.0000000000000000e+00
	 0.0000000000000000e+00 	 0.0000000000000000e+00 	 -2.4651410090157495e+00 	 -2.9138363378130350e-01 	 3.4816645992790654e+00 	 0.0000000000000000e+00
	 -6.2809892172885649e+00 	 2.4651410090157495e+00 	 0.0000000000000000e+00 	 0.0000000000000000e+00 	 0.0000000000000000e+00 	 2.1673336727932892e+01

	 0.900000 
	 1.9421320185666546e+07 	 1.4379549033427534e+06 	 0.0000000000000000e+00 	 0.0000000000000000e+00 	 0.0000000000000000e+00 	 2.9555120548465378e+06
	 1.4379549033375341e+06 	 1.5730835137545010e+08 	 0.0000000000000000e+00 	 0.0000000000000000e+00 	 0.0000000000000000e+00 	 5.3528662450291105e+06
	 0.0000000000000000e+00 	 0.0000000000000000e+00 	 2.5584346817173123e+09 	 4.2492594748594813e+07 	 -7.6400064253510877e+07 	 0.0000000000000000e+00
	 0.0000000000000000e+00 	 0.0000000000000000e+00 	 4.2492594748596825e+07 	 2.4913739936321062e+08 	 -7.0597965957336291e+05 	 0.0000000000000000e+00
	 0.0000000000000000e+00 	 0.0000000000000000e+00 	 -7.6400064253524750e+07 	 -7.0597965959508030e+05 	 1.1314050223230796e+08 	 0.0000000000000000e+00
	 2.9555120548395300e+06 	 5.3528662450275533e+06 	 0.0000000000000000e+00 	 0.0000000000000000e+00 	 0.0000000000000000e+00 	 1.2415552812864428e+07

	 4.6643784525897864e+01 	 0.0000000000000000e+00 	 0.0000000000000000e+00 	 0.0000000000000000e+00 	 0.0000000000000000e+00 	 -3.3940873645991565e+00
	 0.0000000000000000e+00 	 4.6643784525897864e+01 	 0.0000000000000000e+00 	 0.0000000000000000e+00 	 0.0000000000000000e+00 	 1.3909109377961977e+00
	 0.0000000000000000e+00 	 0.0000000000000000e+00 	 4.6643784525897864e+01 	 3.3940873645991565e+00 	 -1.3909109377961977e+00 	 0.0000000000000000e+00
	 0.0000000000000000e+00 	 0.0000000000000000e+00 	 3.3940873645991565e+00 	 1.0026413557803291e+01 	 -1.5980800357601102e-01 	 0.0000000000000000e+00
	 0.0000000000000000e+00 	 0.0000000000000000e+00 	 -1.3909109377961977e+00 	 -1.5980800357601102e-01 	 1.6956232799765021e+00 	 0.0000000000000000e+00
	 -3.3940873645991565e+00 	 1.3909109377961977e+00 	 0.0000000000000000e+00 	 0.0000000000000000e+00 	 0.0000000000000000e+00 	 1.1722036837779797e+01

	 0.950000 
	 8.5911913347906508e+06 	 8.2049840614741074e+05 	 0.0000000000000000e+00 	 0.0000000000000000e+00 	 0.0000000000000000e+00 	 1.9337344080873381e+06
	 8.2049840613345208e+05 	 8.4970318994903520e+07 	 0.0000000000000000e+00 	 0.0000000000000000e+00 	 0.0000000000000000e+00 	 2.7252432542968886e+06
	 0.0000000000000000e+00 	 0.0000000000000000e+00 	 1.0583266799214510e+09 	 2.2387670114336878e+07 	 -2.8192948320945598e+07 	 0.0000000000000000e+00
	 0.0000000000000000e+00 	 0.0000000000000000e+00 	 2.2387670114341695e+07 	 1.0615289011980996e+08 	 -9.3940650033042044e+05 	 0.0000000000000000e+00
	 0.0000000000000000e+00 	 0.0000000000000000e+00 	 -2.8192948320923481e+07 	 -9.3940650033234875e+05 	 3.5361073509412073e+07 	 0.0000000000000000e+00
	 1.9337344080776640e+06 	 2.7252432542881849e+06 	 0.0000000000000000e+00 	 0.0000000000000000e+00 	 0.0000000000000000e+00 	 6.0154551475604726e+06

	 2.6534597273105334e+01 	 0.0000000000000000e+00 	 0.0000000000000000e+00 	 0.0000000000000000e+00 	 0.0000000000000000e+00 	 -2.0293964946193626e+00
	 0.0000000000000000e+00 	 2.6534597273105334e+01 	 0.0000000000000000e+00 	 0.0000000000000000e+00 	 0.0000000000000000e+00 	 7.0119847314398209e-01
	 0.0000000000000000e+00 	 0.0000000000000000e+00 	 2.6534597273105334e+01 	 2.0293964946193626e+00 	 -7.0119847314398209e-01 	 0.0000000000000000e+00
	 0.0000000000000000e+00 	 0.0000000000000000e+00 	 2.0293964946193626e+00 	 5.7640378129219787e+00 	 -9.9141074986708724e-02 	 0.0000000000000000e+00
	 0.0000000000000000e+00 	 0.0000000000000000e+00 	 -7.0119847314398209e-01 	 -9.9141074986708724e-02 	 6.8743519398826258e-01 	 0.0000000000000000e+00
	 -2.0293964946193626e+00 	 7.0119847314398209e-01 	 0.0000000000000000e+00 	 0.0000000000000000e+00 	 0.0000000000000000e+00 	 6.4514730069102448e+00

	 1.000000 
	 8.3649340397111350e+05 	 1.8052114736063141e+05 	 0.0000000000000000e+00 	 0.0000000000000000e+00 	 0.0000000000000000e+00 	 1.2481663627936330e+05
	 1.8052114736071994e+05 	 1.4199590589156374e+07 	 0.0000000000000000e+00 	 0.0000000000000000e+00 	 0.0000000000000000e+00 	 1.1250918417613150e+05
	 0.0000000000000000e+00 	 0.0000000000000000e+00 	 1.1065263977988170e+08 	 2.3134843062330922e+05 	 -7.3035393371715746e+05 	 0.0000000000000000e+00
	 0.0000000000000000e+00 	 0.0000000000000000e+00 	 2.3134843062323588e+05 	 1.2537247471204202e+06 	 -1.5679939379120429e+04 	 0.0000000000000000e+00
	 0.0000000000000000e+00 	 0.0000000000000000e+00 	 -7.3035393371721194e+05 	 -1.5679939379101668e+04 	 1.8504453161459294e+05 	 0.0000000000000000e+00
	 1.2481663627935536e+05 	 1.1250918417612951e+05 	 0.0000000000000000e+00 	 0.0000000000000000e+00 	 0.0000000000000000e+00 	 6.6712103173264200e+04

	 4.3918412410359045e+00 	 0.0000000000000000e+00 	 0.0000000000000000e+00 	 0.0000000000000000e+00 	 0.0000000000000000e+00 	 -7.6883907514340530e-02
	 0.0000000000000000e+00 	 4.3918412410359045e+00 	 0.0000000000000000e+00 	 0.0000000000000000e+00 	 0.0000000000000000e+00 	 2.8847066128028648e-02
	 0.0000000000000000e+00 	 0.0000000000000000e+00 	 4.3918412410359045e+00 	 7.6883907514340530e-02 	 -2.8847066128028648e-02 	 0.0000000000000000e+00
	 0.0000000000000000e+00 	 0.0000000000000000e+00 	 7.6883907514340530e-02 	 7.4806240742435789e-02 	 -1.2890263363227281e-03 	 0.0000000000000000e+00
	 0.0000000000000000e+00 	 0.0000000000000000e+00 	 -2.8847066128028648e-02 	 -1.2890263363227281e-03 	 6.3183037271668675e-03 	 0.0000000000000000e+00
	 -7.6883907514340530e-02 	 2.8847066128028648e-02 	 0.0000000000000000e+00 	 0.0000000000000000e+00 	 0.0000000000000000e+00 	 8.1124544469602961e-02

