 ------- BEAMDYN V1.00.* INDIVIDUAL BLADE INPUT FILE --------------------------
 Test Format 1
 ---------------------- BLADE PARAMETERS --------------------------------------
34   station_total    - Number of blade input stations (-)
 1   damp_type        - Damping type: 0: no damping; 1: damped
  ---------------------- DAMPING COEFFICIENT------------------------------------
   mu1        mu2        mu3        mu4        mu5        mu6
   (-)        (-)        (-)        (-)        (-)        (-)
	 2.96836e-03 	 2.28198e-03 	 2.28198e-03 	 2.28198e-03 	 2.96836e-03 	 2.28198e-03
 ---------------------- DISTRIBUTED PROPERTIES---------------------------------
	 0.000000 
	 6.7403772856794968e+09 	 2.6586125772551736e+06 	 0.0000000000000000e+00 	 0.0000000000000000e+00 	 0.0000000000000000e+00 	 1.4844890085225362e+08
	 2.6586125757613508e+06 	 6.7290861122505751e+09 	 0.0000000000000000e+00 	 0.0000000000000000e+00 	 0.0000000000000000e+00 	 3.8994944742341079e+07
	 0.0000000000000000e+00 	 0.0000000000000000e+00 	 4.6051074627198578e+10 	 -1.0925093970069187e+09 	 1.8758036673635039e+07 	 0.0000000000000000e+00
	 0.0000000000000000e+00 	 0.0000000000000000e+00 	 -1.0925093970088437e+09 	 1.4962893279529752e+11 	 -2.2679290648393519e+07 	 0.0000000000000000e+00
	 0.0000000000000000e+00 	 0.0000000000000000e+00 	 1.8758036663773462e+07 	 -2.2679290638788778e+07 	 1.4972908281184009e+11 	 0.0000000000000000e+00
	 1.4844890085225829e+08 	 3.8994944742374904e+07 	 0.0000000000000000e+00 	 0.0000000000000000e+00 	 0.0000000000000000e+00 	 8.7489160242170776e+10

	 3.1274017982453661e+03 	 0.0000000000000000e+00 	 0.0000000000000000e+00 	 0.0000000000000000e+00 	 0.0000000000000000e+00 	 7.3933052559662514e+01
	 0.0000000000000000e+00 	 3.1274017982453661e+03 	 0.0000000000000000e+00 	 0.0000000000000000e+00 	 0.0000000000000000e+00 	 -2.2785755037735761e-01
	 0.0000000000000000e+00 	 0.0000000000000000e+00 	 3.1274017982453661e+03 	 -7.3933052559662514e+01 	 2.2785755037735761e-01 	 0.0000000000000000e+00
	 0.0000000000000000e+00 	 0.0000000000000000e+00 	 -7.3933052559662514e+01 	 1.0167970957979394e+04 	 1.0614369381066877e+00 	 0.0000000000000000e+00
	 0.0000000000000000e+00 	 0.0000000000000000e+00 	 2.2785755037735761e-01 	 1.0614369381066877e+00 	 1.0166284494605912e+04 	 0.0000000000000000e+00
	 7.3933052559662514e+01 	 -2.2785755037735761e-01 	 0.0000000000000000e+00 	 0.0000000000000000e+00 	 0.0000000000000000e+00 	 2.0334255452585247e+04

	 0.010000 
	 6.3840705661161470e+09 	 5.7788078492885921e+05 	 0.0000000000000000e+00 	 0.0000000000000000e+00 	 0.0000000000000000e+00 	 -9.5300885875632003e+07
	 5.7788078534034127e+05 	 6.3801905468284550e+09 	 0.0000000000000000e+00 	 0.0000000000000000e+00 	 0.0000000000000000e+00 	 3.6691255509864785e+07
	 0.0000000000000000e+00 	 0.0000000000000000e+00 	 4.3746566944972183e+10 	 5.7610209643259978e+08 	 4.5477721887237458e+06 	 0.0000000000000000e+00
	 0.0000000000000000e+00 	 0.0000000000000000e+00 	 5.7610209643416083e+08 	 1.4230792118993842e+11 	 -2.2973651151011273e+08 	 0.0000000000000000e+00
	 0.0000000000000000e+00 	 0.0000000000000000e+00 	 4.5477721916790111e+06 	 -2.2973651150926870e+08 	 1.4310620298893301e+11 	 0.0000000000000000e+00
	 -9.5300885875628829e+07 	 3.6691255509869948e+07 	 0.0000000000000000e+00 	 0.0000000000000000e+00 	 0.0000000000000000e+00 	 8.3221428390901764e+10

	 2.9645743477387427e+03 	 0.0000000000000000e+00 	 0.0000000000000000e+00 	 0.0000000000000000e+00 	 0.0000000000000000e+00 	 -3.9252441251580493e+01
	 0.0000000000000000e+00 	 2.9645743477387427e+03 	 0.0000000000000000e+00 	 0.0000000000000000e+00 	 0.0000000000000000e+00 	 -3.0618207406660253e-01
	 0.0000000000000000e+00 	 0.0000000000000000e+00 	 2.9645743477387427e+03 	 3.9252441251580493e+01 	 3.0618207406660253e-01 	 0.0000000000000000e+00
	 0.0000000000000000e+00 	 0.0000000000000000e+00 	 3.9252441251580493e+01 	 9.6694542323828118e+03 	 -9.4005116492391150e-01 	 0.0000000000000000e+00
	 0.0000000000000000e+00 	 0.0000000000000000e+00 	 3.0618207406660253e-01 	 -9.4005116492391150e-01 	 9.6763935197879600e+03 	 0.0000000000000000e+00
	 -3.9252441251580493e+01 	 -3.0618207406660253e-01 	 0.0000000000000000e+00 	 0.0000000000000000e+00 	 0.0000000000000000e+00 	 1.9345847752170754e+04

	 0.020000 
	 6.0327929869820242e+09 	 -5.4073264501968715e+06 	 0.0000000000000000e+00 	 0.0000000000000000e+00 	 0.0000000000000000e+00 	 -3.0074861934188819e+08
	 -5.4073264509122213e+06 	 6.0544754006941710e+09 	 0.0000000000000000e+00 	 0.0000000000000000e+00 	 0.0000000000000000e+00 	 5.3102789084761264e+06
	 0.0000000000000000e+00 	 0.0000000000000000e+00 	 4.1559869494290787e+10 	 2.0611596841591055e+09 	 -3.7605362364483863e+07 	 0.0000000000000000e+00
	 0.0000000000000000e+00 	 0.0000000000000000e+00 	 2.0611596841591201e+09 	 1.3517735677910713e+11 	 -5.9478530406993484e+08 	 0.0000000000000000e+00
	 0.0000000000000000e+00 	 0.0000000000000000e+00 	 -3.7605362365526162e+07 	 -5.9478530406949699e+08 	 1.3694647761021523e+11 	 0.0000000000000000e+00
	 -3.0074861934188348e+08 	 5.3102789084444353e+06 	 0.0000000000000000e+00 	 0.0000000000000000e+00 	 0.0000000000000000e+00 	 7.9086199490262634e+10

	 2.8047654148238871e+03 	 0.0000000000000000e+00 	 0.0000000000000000e+00 	 0.0000000000000000e+00 	 0.0000000000000000e+00 	 -1.4004123193902001e+02
	 0.0000000000000000e+00 	 2.8047654148238871e+03 	 0.0000000000000000e+00 	 0.0000000000000000e+00 	 0.0000000000000000e+00 	 2.2754487952230669e+00
	 0.0000000000000000e+00 	 0.0000000000000000e+00 	 2.8047654148238871e+03 	 1.4004123193902001e+02 	 -2.2754487952230669e+00 	 0.0000000000000000e+00
	 0.0000000000000000e+00 	 0.0000000000000000e+00 	 1.4004123193902001e+02 	 9.1814774799577535e+03 	 -5.8430054165552772e+00 	 0.0000000000000000e+00
	 0.0000000000000000e+00 	 0.0000000000000000e+00 	 -2.2754487952230669e+00 	 -5.8430054165552772e+00 	 9.1875942326090171e+03 	 0.0000000000000000e+00
	 -1.4004123193902001e+02 	 2.2754487952230669e+00 	 0.0000000000000000e+00 	 0.0000000000000000e+00 	 0.0000000000000000e+00 	 1.8369071712566743e+04

	 0.030000 
	 5.3991365687645035e+09 	 2.6980404902341124e+06 	 0.0000000000000000e+00 	 0.0000000000000000e+00 	 0.0000000000000000e+00 	 -3.7550700842135715e+08
	 2.6980404897314846e+06 	 5.7569917169035778e+09 	 0.0000000000000000e+00 	 0.0000000000000000e+00 	 0.0000000000000000e+00 	 1.9782271957581058e+07
	 0.0000000000000000e+00 	 0.0000000000000000e+00 	 3.8654373859228951e+10 	 2.7311918656370320e+09 	 -1.4061457068841282e+08 	 0.0000000000000000e+00
	 0.0000000000000000e+00 	 0.0000000000000000e+00 	 2.7311918656372008e+09 	 1.2323467045612015e+11 	 -1.3302299958528814e+09 	 0.0000000000000000e+00
	 0.0000000000000000e+00 	 0.0000000000000000e+00 	 -1.4061457068863750e+08 	 -1.3302299958529270e+09 	 1.1942092643553331e+11 	 0.0000000000000000e+00
	 -3.7550700842133230e+08 	 1.9782271957551744e+07 	 0.0000000000000000e+00 	 0.0000000000000000e+00 	 0.0000000000000000e+00 	 6.9947068256528442e+10

	 2.5906595468867404e+03 	 0.0000000000000000e+00 	 0.0000000000000000e+00 	 0.0000000000000000e+00 	 0.0000000000000000e+00 	 -1.8608340507585723e+02
	 0.0000000000000000e+00 	 2.5906595468867404e+03 	 0.0000000000000000e+00 	 0.0000000000000000e+00 	 0.0000000000000000e+00 	 8.8676814774539139e+00
	 0.0000000000000000e+00 	 0.0000000000000000e+00 	 2.5906595468867404e+03 	 1.8608340507585723e+02 	 -8.8676814774539139e+00 	 0.0000000000000000e+00
	 0.0000000000000000e+00 	 0.0000000000000000e+00 	 1.8608340507585723e+02 	 8.3637039105124913e+03 	 -3.0016362942053373e+01 	 0.0000000000000000e+00
	 0.0000000000000000e+00 	 0.0000000000000000e+00 	 -8.8676814774539139e+00 	 -3.0016362942053373e+01 	 7.9104095161060195e+03 	 0.0000000000000000e+00
	 -1.8608340507585723e+02 	 8.8676814774539139e+00 	 0.0000000000000000e+00 	 0.0000000000000000e+00 	 0.0000000000000000e+00 	 1.6274113426618511e+04

	 0.040000 
	 4.7994510044702463e+09 	 6.8053204776942097e+06 	 0.0000000000000000e+00 	 0.0000000000000000e+00 	 0.0000000000000000e+00 	 -4.0820143089088553e+08
	 6.8053204771171259e+06 	 5.4665320665864563e+09 	 0.0000000000000000e+00 	 0.0000000000000000e+00 	 0.0000000000000000e+00 	 2.8268872025330964e+07
	 0.0000000000000000e+00 	 0.0000000000000000e+00 	 3.6012877009231598e+10 	 3.2900588771719122e+09 	 -2.0219979562026492e+08 	 0.0000000000000000e+00
	 0.0000000000000000e+00 	 0.0000000000000000e+00 	 3.2900588771729383e+09 	 1.1213356588847156e+11 	 -2.0900876985445454e+09 	 0.0000000000000000e+00
	 0.0000000000000000e+00 	 0.0000000000000000e+00 	 -2.0219979562082139e+08 	 -2.0900876985430548e+09 	 1.0422431590379259e+11 	 0.0000000000000000e+00
	 -4.0820143089090359e+08 	 2.8268872025288701e+07 	 0.0000000000000000e+00 	 0.0000000000000000e+00 	 0.0000000000000000e+00 	 6.1490234402268509e+10

	 2.3883091726895486e+03 	 0.0000000000000000e+00 	 0.0000000000000000e+00 	 0.0000000000000000e+00 	 0.0000000000000000e+00 	 -2.2487242474998595e+02
	 0.0000000000000000e+00 	 2.3883091726895486e+03 	 0.0000000000000000e+00 	 0.0000000000000000e+00 	 0.0000000000000000e+00 	 1.2626776019902717e+01
	 0.0000000000000000e+00 	 0.0000000000000000e+00 	 2.3883091726895486e+03 	 2.2487242474998595e+02 	 -1.2626776019902717e+01 	 0.0000000000000000e+00
	 0.0000000000000000e+00 	 0.0000000000000000e+00 	 2.2487242474998595e+02 	 7.6009181912936592e+03 	 -5.0599793378638388e+01 	 0.0000000000000000e+00
	 0.0000000000000000e+00 	 0.0000000000000000e+00 	 -1.2626776019902717e+01 	 -5.0599793378638388e+01 	 6.7737865267053903e+03 	 0.0000000000000000e+00
	 -2.2487242474998595e+02 	 1.2626776019902717e+01 	 0.0000000000000000e+00 	 0.0000000000000000e+00 	 0.0000000000000000e+00 	 1.4374704717999084e+04

	 0.050000 
	 4.2442958846860828e+09 	 7.3356626659415402e+06 	 0.0000000000000000e+00 	 0.0000000000000000e+00 	 0.0000000000000000e+00 	 -4.2132016608805168e+08
	 7.3356626659191027e+06 	 5.1936457168135662e+09 	 0.0000000000000000e+00 	 0.0000000000000000e+00 	 0.0000000000000000e+00 	 3.5980753253670238e+07
	 0.0000000000000000e+00 	 0.0000000000000000e+00 	 3.3714690091125244e+10 	 3.8899341676999998e+09 	 -2.5224090505208480e+08 	 0.0000000000000000e+00
	 0.0000000000000000e+00 	 0.0000000000000000e+00 	 3.8899341676999946e+09 	 1.0259920060256969e+11 	 -2.8670352827043877e+09 	 0.0000000000000000e+00
	 0.0000000000000000e+00 	 0.0000000000000000e+00 	 -2.5224090505280113e+08 	 -2.8670352827033005e+09 	 9.1850170314712677e+10 	 0.0000000000000000e+00
	 -4.2132016608808357e+08 	 3.5980753253617369e+07 	 0.0000000000000000e+00 	 0.0000000000000000e+00 	 0.0000000000000000e+00 	 5.4103629818804794e+10

	 2.2026471862053604e+03 	 0.0000000000000000e+00 	 0.0000000000000000e+00 	 0.0000000000000000e+00 	 0.0000000000000000e+00 	 -2.6605867218454273e+02
	 0.0000000000000000e+00 	 2.2026471862053604e+03 	 0.0000000000000000e+00 	 0.0000000000000000e+00 	 0.0000000000000000e+00 	 1.5816365423796737e+01
	 0.0000000000000000e+00 	 0.0000000000000000e+00 	 2.2026471862053604e+03 	 2.6605867218454273e+02 	 -1.5816365423796737e+01 	 0.0000000000000000e+00
	 0.0000000000000000e+00 	 0.0000000000000000e+00 	 2.6605867218454273e+02 	 6.9432311423162391e+03 	 -6.8596859488401989e+01 	 0.0000000000000000e+00
	 0.0000000000000000e+00 	 0.0000000000000000e+00 	 -1.5816365423796737e+01 	 -6.8596859488401989e+01 	 5.8130961037374000e+03 	 0.0000000000000000e+00
	 -2.6605867218454273e+02 	 1.5816365423796737e+01 	 0.0000000000000000e+00 	 0.0000000000000000e+00 	 0.0000000000000000e+00 	 1.2756327246053668e+04

	 0.060000 
	 3.7225311556452374e+09 	 4.8301797693780959e+06 	 0.0000000000000000e+00 	 0.0000000000000000e+00 	 0.0000000000000000e+00 	 -4.0065994984845197e+08
	 4.8301797692800676e+06 	 4.9252585573068733e+09 	 0.0000000000000000e+00 	 0.0000000000000000e+00 	 0.0000000000000000e+00 	 4.3561399940481767e+07
	 0.0000000000000000e+00 	 0.0000000000000000e+00 	 3.1674317607721725e+10 	 4.3977623461340332e+09 	 -2.9662863690148807e+08 	 0.0000000000000000e+00
	 0.0000000000000000e+00 	 0.0000000000000000e+00 	 4.3977623461356726e+09 	 9.3720236587428192e+10 	 -3.6153237748959956e+09 	 0.0000000000000000e+00
	 0.0000000000000000e+00 	 0.0000000000000000e+00 	 -2.9662863690076965e+08 	 -3.6153237748952899e+09 	 8.1226654058198929e+10 	 0.0000000000000000e+00
	 -4.0065994984842324e+08 	 4.3561399940495938e+07 	 0.0000000000000000e+00 	 0.0000000000000000e+00 	 0.0000000000000000e+00 	 4.7276315509178040e+10

	 2.0280535416901996e+03 	 0.0000000000000000e+00 	 0.0000000000000000e+00 	 0.0000000000000000e+00 	 0.0000000000000000e+00 	 -3.0058681857097463e+02
	 0.0000000000000000e+00 	 2.0280535416901996e+03 	 0.0000000000000000e+00 	 0.0000000000000000e+00 	 0.0000000000000000e+00 	 1.8477735354672170e+01
	 0.0000000000000000e+00 	 0.0000000000000000e+00 	 2.0280535416901996e+03 	 3.0058681857097463e+02 	 -1.8477735354672170e+01 	 0.0000000000000000e+00
	 0.0000000000000000e+00 	 0.0000000000000000e+00 	 3.0058681857097463e+02 	 6.3294674609833255e+03 	 -8.3561919940695745e+01 	 0.0000000000000000e+00
	 0.0000000000000000e+00 	 0.0000000000000000e+00 	 -1.8477735354672170e+01 	 -8.3561919940695745e+01 	 4.9639243575919818e+03 	 0.0000000000000000e+00
	 -3.0058681857097463e+02 	 1.8477735354672170e+01 	 0.0000000000000000e+00 	 0.0000000000000000e+00 	 0.0000000000000000e+00 	 1.1293391818575301e+04

	 0.070000 
	 3.2424563414564452e+09 	 4.2113375961024116e+05 	 0.0000000000000000e+00 	 0.0000000000000000e+00 	 0.0000000000000000e+00 	 -3.6040094184118509e+08
	 4.2113375953756337e+05 	 4.6730615141657619e+09 	 0.0000000000000000e+00 	 0.0000000000000000e+00 	 0.0000000000000000e+00 	 5.0678382221415110e+07
	 0.0000000000000000e+00 	 0.0000000000000000e+00 	 2.9932935747020248e+10 	 4.9019478129329815e+09 	 -3.2652223433238482e+08 	 0.0000000000000000e+00
	 0.0000000000000000e+00 	 0.0000000000000000e+00 	 4.9019478129333239e+09 	 8.5972694967999329e+10 	 -4.2878497558969135e+09 	 0.0000000000000000e+00
	 0.0000000000000000e+00 	 0.0000000000000000e+00 	 -3.2652223433177775e+08 	 -4.2878497558963838e+09 	 7.2438193057329681e+10 	 0.0000000000000000e+00
	 -3.6040094184126973e+08 	 5.0678382221415840e+07 	 0.0000000000000000e+00 	 0.0000000000000000e+00 	 0.0000000000000000e+00 	 4.1233099506076973e+10

	 1.8685885098130714e+03 	 0.0000000000000000e+00 	 0.0000000000000000e+00 	 0.0000000000000000e+00 	 0.0000000000000000e+00 	 -3.3404798337246484e+02
	 0.0000000000000000e+00 	 1.8685885098130714e+03 	 0.0000000000000000e+00 	 0.0000000000000000e+00 	 0.0000000000000000e+00 	 2.0624776362191039e+01
	 0.0000000000000000e+00 	 0.0000000000000000e+00 	 1.8685885098130714e+03 	 3.3404798337246484e+02 	 -2.0624776362191039e+01 	 0.0000000000000000e+00
	 0.0000000000000000e+00 	 0.0000000000000000e+00 	 3.3404798337246484e+02 	 5.7933982776486955e+03 	 -9.5757544405045721e+01 	 0.0000000000000000e+00
	 0.0000000000000000e+00 	 0.0000000000000000e+00 	 -2.0624776362191039e+01 	 -9.5757544405045721e+01 	 4.2403641493134946e+03 	 0.0000000000000000e+00
	 -3.3404798337246484e+02 	 2.0624776362191039e+01 	 0.0000000000000000e+00 	 0.0000000000000000e+00 	 0.0000000000000000e+00 	 1.0033762426962210e+04

	 0.080000 
	 2.7938178457444935e+09 	 -5.1165514448653581e+06 	 0.0000000000000000e+00 	 0.0000000000000000e+00 	 0.0000000000000000e+00 	 -2.9759821058521694e+08
	 -5.1165514444229528e+06 	 4.4234403620771341e+09 	 0.0000000000000000e+00 	 0.0000000000000000e+00 	 0.0000000000000000e+00 	 5.7516079897885971e+07
	 0.0000000000000000e+00 	 0.0000000000000000e+00 	 2.8383024865280216e+10 	 5.3291247716486025e+09 	 -3.4529568078645182e+08 	 0.0000000000000000e+00
	 0.0000000000000000e+00 	 0.0000000000000000e+00 	 5.3291247716488838e+09 	 7.8674871783875397e+10 	 -4.8354870635125170e+09 	 0.0000000000000000e+00
	 0.0000000000000000e+00 	 0.0000000000000000e+00 	 -3.4529568078650671e+08 	 -4.8354870635130301e+09 	 6.4728075372427155e+10 	 0.0000000000000000e+00
	 -2.9759821058523965e+08 	 5.7516079898013942e+07 	 0.0000000000000000e+00 	 0.0000000000000000e+00 	 0.0000000000000000e+00 	 3.5638622195277222e+10

	 1.7179324759402261e+03 	 0.0000000000000000e+00 	 0.0000000000000000e+00 	 0.0000000000000000e+00 	 0.0000000000000000e+00 	 -3.6155373727278800e+02
	 0.0000000000000000e+00 	 1.7179324759402261e+03 	 0.0000000000000000e+00 	 0.0000000000000000e+00 	 0.0000000000000000e+00 	 2.2298898304982398e+01
	 0.0000000000000000e+00 	 0.0000000000000000e+00 	 1.7179324759402261e+03 	 3.6155373727278800e+02 	 -2.2298898304982398e+01 	 0.0000000000000000e+00
	 0.0000000000000000e+00 	 0.0000000000000000e+00 	 3.6155373727278800e+02 	 5.2897339720875998e+03 	 -1.0482302025012244e+02 	 0.0000000000000000e+00
	 0.0000000000000000e+00 	 0.0000000000000000e+00 	 -2.2298898304982398e+01 	 -1.0482302025012244e+02 	 3.6002320920418265e+03 	 0.0000000000000000e+00
	 -3.6155373727278800e+02 	 2.2298898304982398e+01 	 0.0000000000000000e+00 	 0.0000000000000000e+00 	 0.0000000000000000e+00 	 8.8899660641294176e+03

	 0.090000 
	 2.4342879297325630e+09 	 -1.6162325464574419e+07 	 0.0000000000000000e+00 	 0.0000000000000000e+00 	 0.0000000000000000e+00 	 -2.2733560933911949e+08
	 -1.6162325464621803e+07 	 4.2572679294318843e+09 	 0.0000000000000000e+00 	 0.0000000000000000e+00 	 0.0000000000000000e+00 	 2.2866385017490339e+08
	 0.0000000000000000e+00 	 0.0000000000000000e+00 	 2.8884679620169407e+10 	 6.2118765681486988e+09 	 -2.5134748011754818e+09 	 0.0000000000000000e+00
	 0.0000000000000000e+00 	 0.0000000000000000e+00 	 6.2118765681485558e+09 	 7.8280867767851562e+10 	 -5.6531116644810095e+09 	 0.0000000000000000e+00
	 0.0000000000000000e+00 	 0.0000000000000000e+00 	 -2.5134748011758161e+09 	 -5.6531116644819336e+09 	 6.1326772708574936e+10 	 0.0000000000000000e+00
	 -2.2733560933907312e+08 	 2.2866385017508772e+08 	 0.0000000000000000e+00 	 0.0000000000000000e+00 	 0.0000000000000000e+00 	 3.1116572823610428e+10

	 1.6552317649321915e+03 	 0.0000000000000000e+00 	 0.0000000000000000e+00 	 0.0000000000000000e+00 	 0.0000000000000000e+00 	 -4.0591380814881973e+02
	 0.0000000000000000e+00 	 1.6552317649321915e+03 	 0.0000000000000000e+00 	 0.0000000000000000e+00 	 0.0000000000000000e+00 	 1.1478739521455540e+02
	 0.0000000000000000e+00 	 0.0000000000000000e+00 	 1.6552317649321915e+03 	 4.0591380814881973e+02 	 -1.1478739521455540e+02 	 0.0000000000000000e+00
	 0.0000000000000000e+00 	 0.0000000000000000e+00 	 4.0591380814881973e+02 	 5.0939373407215553e+03 	 -1.2762898134767177e+02 	 0.0000000000000000e+00
	 0.0000000000000000e+00 	 0.0000000000000000e+00 	 -1.1478739521455540e+02 	 -1.2762898134767177e+02 	 3.1803947229835640e+03 	 0.0000000000000000e+00
	 -4.0591380814881973e+02 	 1.1478739521455540e+02 	 0.0000000000000000e+00 	 0.0000000000000000e+00 	 0.0000000000000000e+00 	 8.2743320637051347e+03

	 0.100000 
	 2.4206024681581068e+09 	 1.0802831451300128e+08 	 0.0000000000000000e+00 	 0.0000000000000000e+00 	 0.0000000000000000e+00 	 -1.6146944453614372e+08
	 1.0802831451316220e+08 	 3.9823083207289262e+09 	 0.0000000000000000e+00 	 0.0000000000000000e+00 	 0.0000000000000000e+00 	 7.4956755384078503e+07
	 0.0000000000000000e+00 	 0.0000000000000000e+00 	 2.6971151694704742e+10 	 6.9548405147817278e+09 	 -3.4424268989634794e+08 	 0.0000000000000000e+00
	 0.0000000000000000e+00 	 0.0000000000000000e+00 	 6.9548405147812462e+09 	 6.9020910443431732e+10 	 -5.9134776998473282e+09 	 0.0000000000000000e+00
	 0.0000000000000000e+00 	 0.0000000000000000e+00 	 -3.4424268989572626e+08 	 -5.9134776998465023e+09 	 5.2418958327495216e+10 	 0.0000000000000000e+00
	 -1.6146944453629431e+08 	 7.4956755384067133e+07 	 0.0000000000000000e+00 	 0.0000000000000000e+00 	 0.0000000000000000e+00 	 2.5295217993966625e+10

	 1.6876931724942056e+03 	 0.0000000000000000e+00 	 0.0000000000000000e+00 	 0.0000000000000000e+00 	 0.0000000000000000e+00 	 -4.6892472448445500e+02
	 0.0000000000000000e+00 	 1.6876931724942056e+03 	 0.0000000000000000e+00 	 0.0000000000000000e+00 	 0.0000000000000000e+00 	 2.4949404490546573e+01
	 0.0000000000000000e+00 	 0.0000000000000000e+00 	 1.6876931724942056e+03 	 4.6892472448445500e+02 	 -2.4949404490546573e+01 	 0.0000000000000000e+00
	 0.0000000000000000e+00 	 0.0000000000000000e+00 	 4.6892472448445500e+02 	 4.7560256614615737e+03 	 -1.6004161556700788e+02 	 0.0000000000000000e+00
	 0.0000000000000000e+00 	 0.0000000000000000e+00 	 -2.4949404490546573e+01 	 -1.6004161556700788e+02 	 2.8030819771350048e+03 	 0.0000000000000000e+00
	 -4.6892472448445500e+02 	 2.4949404490546573e+01 	 0.0000000000000000e+00 	 0.0000000000000000e+00 	 0.0000000000000000e+00 	 7.5591076385965816e+03

	 0.110000 
	 2.0439689462663636e+09 	 9.9519651709096104e+07 	 0.0000000000000000e+00 	 0.0000000000000000e+00 	 0.0000000000000000e+00 	 -7.1241767449780136e+07
	 9.9519651708859682e+07 	 3.6837680191219954e+09 	 0.0000000000000000e+00 	 0.0000000000000000e+00 	 0.0000000000000000e+00 	 8.2381216641176984e+07
	 0.0000000000000000e+00 	 0.0000000000000000e+00 	 2.5567240414725773e+10 	 7.3327689522305355e+09 	 -3.4193741907019824e+08 	 0.0000000000000000e+00
	 0.0000000000000000e+00 	 0.0000000000000000e+00 	 7.3327689522299156e+09 	 6.3695928189008560e+10 	 -5.7997638199617796e+09 	 0.0000000000000000e+00
	 0.0000000000000000e+00 	 0.0000000000000000e+00 	 -3.4193741907033074e+08 	 -5.7997638199624739e+09 	 4.6120465751905640e+10 	 0.0000000000000000e+00
	 -7.1241767449624687e+07 	 8.2381216641207844e+07 	 0.0000000000000000e+00 	 0.0000000000000000e+00 	 0.0000000000000000e+00 	 2.0942555627951256e+10

	 1.5265011536878028e+03 	 0.0000000000000000e+00 	 0.0000000000000000e+00 	 0.0000000000000000e+00 	 0.0000000000000000e+00 	 -4.8678894871232478e+02
	 0.0000000000000000e+00 	 1.5265011536878028e+03 	 0.0000000000000000e+00 	 0.0000000000000000e+00 	 0.0000000000000000e+00 	 2.5057484424316140e+01
	 0.0000000000000000e+00 	 0.0000000000000000e+00 	 1.5265011536878028e+03 	 4.8678894871232478e+02 	 -2.5057484424316140e+01 	 0.0000000000000000e+00
	 0.0000000000000000e+00 	 0.0000000000000000e+00 	 4.8678894871232478e+02 	 4.3526321311720276e+03 	 -1.4091288144078692e+02 	 0.0000000000000000e+00
	 0.0000000000000000e+00 	 0.0000000000000000e+00 	 -2.5057484424316140e+01 	 -1.4091288144078692e+02 	 2.2813474381820711e+03 	 0.0000000000000000e+00
	 -4.8678894871232478e+02 	 2.5057484424316140e+01 	 0.0000000000000000e+00 	 0.0000000000000000e+00 	 0.0000000000000000e+00 	 6.6339795693541073e+03

	 0.120000 
	 1.6998627616169009e+09 	 9.2345029511063442e+07 	 0.0000000000000000e+00 	 0.0000000000000000e+00 	 0.0000000000000000e+00 	 5.4555605153131625e+06
	 9.2345029511058256e+07 	 3.3609639688845153e+09 	 0.0000000000000000e+00 	 0.0000000000000000e+00 	 0.0000000000000000e+00 	 9.6673208874315158e+07
	 0.0000000000000000e+00 	 0.0000000000000000e+00 	 2.4391380029308872e+10 	 7.5976646926084948e+09 	 -3.9879458705778956e+08 	 0.0000000000000000e+00
	 0.0000000000000000e+00 	 0.0000000000000000e+00 	 7.5976646926088743e+09 	 5.8428013655652534e+10 	 -5.6798593354611959e+09 	 0.0000000000000000e+00
	 0.0000000000000000e+00 	 0.0000000000000000e+00 	 -3.9879458705736029e+08 	 -5.6798593354612141e+09 	 4.0866202877314232e+10 	 0.0000000000000000e+00
	 5.4555605151706254e+06 	 9.6673208874118328e+07 	 0.0000000000000000e+00 	 0.0000000000000000e+00 	 0.0000000000000000e+00 	 1.6961040746197359e+10

	 1.3826591648596000e+03 	 0.0000000000000000e+00 	 0.0000000000000000e+00 	 0.0000000000000000e+00 	 0.0000000000000000e+00 	 -4.9799417354079839e+02
	 0.0000000000000000e+00 	 1.3826591648596000e+03 	 0.0000000000000000e+00 	 0.0000000000000000e+00 	 0.0000000000000000e+00 	 2.6593655460289913e+01
	 0.0000000000000000e+00 	 0.0000000000000000e+00 	 1.3826591648596000e+03 	 4.9799417354079839e+02 	 -2.6593655460289913e+01 	 0.0000000000000000e+00
	 0.0000000000000000e+00 	 0.0000000000000000e+00 	 4.9799417354079839e+02 	 3.9610811254963469e+03 	 -1.3128495116316327e+02 	 0.0000000000000000e+00
	 0.0000000000000000e+00 	 0.0000000000000000e+00 	 -2.6593655460289913e+01 	 -1.3128495116316327e+02 	 1.8624562613978092e+03 	 0.0000000000000000e+00
	 -4.9799417354079839e+02 	 2.6593655460289913e+01 	 0.0000000000000000e+00 	 0.0000000000000000e+00 	 0.0000000000000000e+00 	 5.8235373868941606e+03

	 0.140000 
	 1.1390906129161363e+09 	 8.0482049246457994e+07 	 0.0000000000000000e+00 	 0.0000000000000000e+00 	 0.0000000000000000e+00 	 1.2455084969831592e+08
	 8.0482049246401981e+07 	 2.6913120952441182e+09 	 0.0000000000000000e+00 	 0.0000000000000000e+00 	 0.0000000000000000e+00 	 9.5383718459323719e+07
	 0.0000000000000000e+00 	 0.0000000000000000e+00 	 2.2472487932251606e+10 	 7.6631011761328697e+09 	 -2.2543141884502047e+08 	 0.0000000000000000e+00
	 0.0000000000000000e+00 	 0.0000000000000000e+00 	 7.6631011761342611e+09 	 4.9078993701786613e+10 	 -5.2744384994852095e+09 	 0.0000000000000000e+00
	 0.0000000000000000e+00 	 0.0000000000000000e+00 	 -2.2543141884501222e+08 	 -5.2744384994853849e+09 	 3.1857021176603012e+10 	 0.0000000000000000e+00
	 1.2455084969860265e+08 	 9.5383718459525153e+07 	 0.0000000000000000e+00 	 0.0000000000000000e+00 	 0.0000000000000000e+00 	 1.0454070570054718e+10

	 1.1233954969575848e+03 	 0.0000000000000000e+00 	 0.0000000000000000e+00 	 0.0000000000000000e+00 	 0.0000000000000000e+00 	 -4.9823149353383133e+02
	 0.0000000000000000e+00 	 1.1233954969575848e+03 	 0.0000000000000000e+00 	 0.0000000000000000e+00 	 0.0000000000000000e+00 	 2.2897183176007836e+01
	 0.0000000000000000e+00 	 0.0000000000000000e+00 	 1.1233954969575848e+03 	 4.9823149353383133e+02 	 -2.2897183176007836e+01 	 0.0000000000000000e+00
	 0.0000000000000000e+00 	 0.0000000000000000e+00 	 4.9823149353383133e+02 	 3.2625054735157628e+03 	 -1.1305209869597098e+02 	 0.0000000000000000e+00
	 0.0000000000000000e+00 	 0.0000000000000000e+00 	 -2.2897183176007836e+01 	 -1.1305209869597098e+02 	 1.2030566925949111e+03 	 0.0000000000000000e+00
	 -4.9823149353383133e+02 	 2.2897183176007836e+01 	 0.0000000000000000e+00 	 0.0000000000000000e+00 	 0.0000000000000000e+00 	 4.4655621661106561e+03

	 0.160000 
	 7.8808089323093593e+08 	 7.3226904181521699e+07 	 0.0000000000000000e+00 	 0.0000000000000000e+00 	 0.0000000000000000e+00 	 1.2336481291482989e+08
	 7.3226904181582958e+07 	 1.9943019056179998e+09 	 0.0000000000000000e+00 	 0.0000000000000000e+00 	 0.0000000000000000e+00 	 9.2103493167960465e+07
	 0.0000000000000000e+00 	 0.0000000000000000e+00 	 2.0943809784605789e+10 	 7.5108843696443024e+09 	 -1.9650609999591106e+08 	 0.0000000000000000e+00
	 0.0000000000000000e+00 	 0.0000000000000000e+00 	 7.5108843696442862e+09 	 4.1484067805205818e+10 	 -4.7362151314607573e+09 	 0.0000000000000000e+00
	 0.0000000000000000e+00 	 0.0000000000000000e+00 	 -1.9650609999665159e+08 	 -4.7362151314611492e+09 	 2.6513738898359806e+10 	 0.0000000000000000e+00
	 1.2336481291466206e+08 	 9.2103493167929694e+07 	 0.0000000000000000e+00 	 0.0000000000000000e+00 	 0.0000000000000000e+00 	 6.4594018552921638e+09

	 9.0600029313263542e+02 	 0.0000000000000000e+00 	 0.0000000000000000e+00 	 0.0000000000000000e+00 	 0.0000000000000000e+00 	 -4.8110214981198340e+02
	 0.0000000000000000e+00 	 9.0600029313263542e+02 	 0.0000000000000000e+00 	 0.0000000000000000e+00 	 0.0000000000000000e+00 	 2.0716282790662884e+01
	 0.0000000000000000e+00 	 0.0000000000000000e+00 	 9.0600029313263542e+02 	 4.8110214981198340e+02 	 -2.0716282790662884e+01 	 0.0000000000000000e+00
	 0.0000000000000000e+00 	 0.0000000000000000e+00 	 4.8110214981198340e+02 	 2.6865419765733154e+03 	 -9.5046614873434649e+01 	 0.0000000000000000e+00
	 0.0000000000000000e+00 	 0.0000000000000000e+00 	 -2.0716282790662884e+01 	 -9.5046614873434649e+01 	 8.1985161447941812e+02 	 0.0000000000000000e+00
	 -4.8110214981198340e+02 	 2.0716282790662884e+01 	 0.0000000000000000e+00 	 0.0000000000000000e+00 	 0.0000000000000000e+00 	 3.5063935910527375e+03

	 0.180000 
	 5.8755084716074657e+08 	 6.4658850722073428e+07 	 0.0000000000000000e+00 	 0.0000000000000000e+00 	 0.0000000000000000e+00 	 8.2622289240468204e+07
	 6.4658850722335219e+07 	 1.4010579542608855e+09 	 0.0000000000000000e+00 	 0.0000000000000000e+00 	 0.0000000000000000e+00 	 8.1584149576810136e+07
	 0.0000000000000000e+00 	 0.0000000000000000e+00 	 2.0089459941105007e+10 	 7.2838531905905504e+09 	 -2.3408621670441720e+08 	 0.0000000000000000e+00
	 0.0000000000000000e+00 	 0.0000000000000000e+00 	 7.2838531905916967e+09 	 3.6159771403025139e+10 	 -4.2348889811400795e+09 	 0.0000000000000000e+00
	 0.0000000000000000e+00 	 0.0000000000000000e+00 	 -2.3408621670386228e+08 	 -4.2348889811399608e+09 	 2.4103842812340168e+10 	 0.0000000000000000e+00
	 8.2622289240510702e+07 	 8.1584149576733977e+07 	 0.0000000000000000e+00 	 0.0000000000000000e+00 	 0.0000000000000000e+00 	 4.1973038084543147e+09

	 7.4736312856010500e+02 	 0.0000000000000000e+00 	 0.0000000000000000e+00 	 0.0000000000000000e+00 	 0.0000000000000000e+00 	 -4.5761255658590744e+02
	 0.0000000000000000e+00 	 7.4736312856010500e+02 	 0.0000000000000000e+00 	 0.0000000000000000e+00 	 0.0000000000000000e+00 	 1.9177912167580899e+01
	 0.0000000000000000e+00 	 0.0000000000000000e+00 	 7.4736312856010500e+02 	 4.5761255658590744e+02 	 -1.9177912167580899e+01 	 0.0000000000000000e+00
	 0.0000000000000000e+00 	 0.0000000000000000e+00 	 4.5761255658590744e+02 	 2.2682806431761664e+03 	 -8.2458834502947497e+01 	 0.0000000000000000e+00
	 0.0000000000000000e+00 	 0.0000000000000000e+00 	 -1.9177912167580899e+01 	 -8.2458834502947497e+01 	 6.1660856884073792e+02 	 0.0000000000000000e+00
	 -4.5761255658590744e+02 	 1.9177912167580899e+01 	 0.0000000000000000e+00 	 0.0000000000000000e+00 	 0.0000000000000000e+00 	 2.8848892120169044e+03

	 0.200000 
	 4.5174813364672065e+08 	 5.3047414320281357e+07 	 0.0000000000000000e+00 	 0.0000000000000000e+00 	 0.0000000000000000e+00 	 6.0391850612278908e+07
	 5.3047414320601381e+07 	 9.8120795096655583e+08 	 0.0000000000000000e+00 	 0.0000000000000000e+00 	 0.0000000000000000e+00 	 6.7795455601066723e+07
	 0.0000000000000000e+00 	 0.0000000000000000e+00 	 1.9755534994867599e+10 	 7.1446978613384800e+09 	 -2.6872822665120482e+08 	 0.0000000000000000e+00
	 0.0000000000000000e+00 	 0.0000000000000000e+00 	 7.1446978613360834e+09 	 3.2958493582722618e+10 	 -3.5522652898269920e+09 	 0.0000000000000000e+00
	 0.0000000000000000e+00 	 0.0000000000000000e+00 	 -2.6872822665257537e+08 	 -3.5522652898292069e+09 	 2.1700397967921474e+10 	 0.0000000000000000e+00
	 6.0391850612402648e+07 	 6.7795455600150421e+07 	 0.0000000000000000e+00 	 0.0000000000000000e+00 	 0.0000000000000000e+00 	 2.6924822753737779e+09

	 6.4024657299661544e+02 	 0.0000000000000000e+00 	 0.0000000000000000e+00 	 0.0000000000000000e+00 	 0.0000000000000000e+00 	 -4.4370469682220488e+02
	 0.0000000000000000e+00 	 6.4024657299661544e+02 	 0.0000000000000000e+00 	 0.0000000000000000e+00 	 0.0000000000000000e+00 	 1.8205520882263357e+01
	 0.0000000000000000e+00 	 0.0000000000000000e+00 	 6.4024657299661544e+02 	 4.4370469682220488e+02 	 -1.8205520882263357e+01 	 0.0000000000000000e+00
	 0.0000000000000000e+00 	 0.0000000000000000e+00 	 4.4370469682220488e+02 	 2.0140305923704493e+03 	 -7.0992944342711837e+01 	 0.0000000000000000e+00
	 0.0000000000000000e+00 	 0.0000000000000000e+00 	 -1.8205520882263357e+01 	 -7.0992944342711837e+01 	 4.7199213396522515e+02 	 0.0000000000000000e+00
	 -4.4370469682220488e+02 	 1.8205520882263357e+01 	 0.0000000000000000e+00 	 0.0000000000000000e+00 	 0.0000000000000000e+00 	 2.4860227263356619e+03

	 0.225000 
	 3.4735268320615804e+08 	 3.8460326692820914e+07 	 0.0000000000000000e+00 	 0.0000000000000000e+00 	 0.0000000000000000e+00 	 4.9499143868301690e+07
	 3.8460326692763224e+07 	 6.8618773456171489e+08 	 0.0000000000000000e+00 	 0.0000000000000000e+00 	 0.0000000000000000e+00 	 5.5897227285717592e+07
	 0.0000000000000000e+00 	 0.0000000000000000e+00 	 1.9767475456525646e+10 	 7.4680275784738197e+09 	 -2.7970147135131246e+08 	 0.0000000000000000e+00
	 0.0000000000000000e+00 	 0.0000000000000000e+00 	 7.4680275784735966e+09 	 3.2336889174232903e+10 	 -2.6854494807513800e+09 	 0.0000000000000000e+00
	 0.0000000000000000e+00 	 0.0000000000000000e+00 	 -2.7970147135107225e+08 	 -2.6854494807511468e+09 	 1.8439246915566544e+10 	 0.0000000000000000e+00
	 4.9499143868275248e+07 	 5.5897227285677768e+07 	 0.0000000000000000e+00 	 0.0000000000000000e+00 	 0.0000000000000000e+00 	 1.6216753785551565e+09

	 5.6326153795964944e+02 	 0.0000000000000000e+00 	 0.0000000000000000e+00 	 0.0000000000000000e+00 	 0.0000000000000000e+00 	 -4.4018405704643436e+02
	 0.0000000000000000e+00 	 5.6326153795964944e+02 	 0.0000000000000000e+00 	 0.0000000000000000e+00 	 0.0000000000000000e+00 	 1.7383006151866294e+01
	 0.0000000000000000e+00 	 0.0000000000000000e+00 	 5.6326153795964944e+02 	 4.4018405704643436e+02 	 -1.7383006151866294e+01 	 0.0000000000000000e+00
	 0.0000000000000000e+00 	 0.0000000000000000e+00 	 4.4018405704643436e+02 	 1.8656285568869794e+03 	 -6.1133457546359075e+01 	 0.0000000000000000e+00
	 0.0000000000000000e+00 	 0.0000000000000000e+00 	 -1.7383006151866294e+01 	 -6.1133457546359075e+01 	 3.4905081351196321e+02 	 0.0000000000000000e+00
	 -4.4018405704643436e+02 	 1.7383006151866294e+01 	 0.0000000000000000e+00 	 0.0000000000000000e+00 	 0.0000000000000000e+00 	 2.2146793703989415e+03

	 0.250000 
	 2.9002989740788645e+08 	 2.7456694133073270e+07 	 0.0000000000000000e+00 	 0.0000000000000000e+00 	 0.0000000000000000e+00 	 3.5500239735707857e+07
	 2.7456694132635765e+07 	 5.2730490290079683e+08 	 0.0000000000000000e+00 	 0.0000000000000000e+00 	 0.0000000000000000e+00 	 4.5097802177671030e+07
	 0.0000000000000000e+00 	 0.0000000000000000e+00 	 1.9838097880464771e+10 	 7.2201849605436611e+09 	 -2.7168619046391231e+08 	 0.0000000000000000e+00
	 0.0000000000000000e+00 	 0.0000000000000000e+00 	 7.2201849605442448e+09 	 2.9953359771392105e+10 	 -1.9427747699661598e+09 	 0.0000000000000000e+00
	 0.0000000000000000e+00 	 0.0000000000000000e+00 	 -2.7168619046403801e+08 	 -1.9427747699661601e+09 	 1.5484966391658451e+10 	 0.0000000000000000e+00
	 3.5500239735460818e+07 	 4.5097802177712083e+07 	 0.0000000000000000e+00 	 0.0000000000000000e+00 	 0.0000000000000000e+00 	 1.0466789577455964e+09

	 5.1474571861089487e+02 	 0.0000000000000000e+00 	 0.0000000000000000e+00 	 0.0000000000000000e+00 	 0.0000000000000000e+00 	 -4.1828537984494585e+02
	 0.0000000000000000e+00 	 5.1474571861089487e+02 	 0.0000000000000000e+00 	 0.0000000000000000e+00 	 0.0000000000000000e+00 	 1.6386815084754822e+01
	 0.0000000000000000e+00 	 0.0000000000000000e+00 	 5.1474571861089487e+02 	 4.1828537984494585e+02 	 -1.6386815084754822e+01 	 0.0000000000000000e+00
	 0.0000000000000000e+00 	 0.0000000000000000e+00 	 4.1828537984494585e+02 	 1.6892204339180823e+03 	 -5.2904533292313822e+01 	 0.0000000000000000e+00
	 0.0000000000000000e+00 	 0.0000000000000000e+00 	 -1.6386815084754822e+01 	 -5.2904533292313822e+01 	 2.6823133145953051e+02 	 0.0000000000000000e+00
	 -4.1828537984494585e+02 	 1.6386815084754822e+01 	 0.0000000000000000e+00 	 0.0000000000000000e+00 	 0.0000000000000000e+00 	 1.9574517653776197e+03

	 0.300000 
	 2.3188919207869348e+08 	 1.2766814143083680e+07 	 0.0000000000000000e+00 	 0.0000000000000000e+00 	 0.0000000000000000e+00 	 3.4144823521668896e+07
	 1.2766814143690830e+07 	 3.6983276053445727e+08 	 0.0000000000000000e+00 	 0.0000000000000000e+00 	 0.0000000000000000e+00 	 3.4975527844322406e+07
	 0.0000000000000000e+00 	 0.0000000000000000e+00 	 2.0598017790548378e+10 	 6.8858409654704847e+09 	 -2.5861599921106622e+08 	 0.0000000000000000e+00
	 0.0000000000000000e+00 	 0.0000000000000000e+00 	 6.8858409654705505e+09 	 2.7006388367360020e+10 	 -1.0755330096696205e+09 	 0.0000000000000000e+00
	 0.0000000000000000e+00 	 0.0000000000000000e+00 	 -2.5861599921128029e+08 	 -1.0755330096698632e+09 	 1.3126111257470499e+10 	 0.0000000000000000e+00
	 3.4144823521705449e+07 	 3.4975527844804481e+07 	 0.0000000000000000e+00 	 0.0000000000000000e+00 	 0.0000000000000000e+00 	 6.2900432697823501e+08

	 4.6732337044725779e+02 	 0.0000000000000000e+00 	 0.0000000000000000e+00 	 0.0000000000000000e+00 	 0.0000000000000000e+00 	 -3.8638938945025717e+02
	 0.0000000000000000e+00 	 4.6732337044725779e+02 	 0.0000000000000000e+00 	 0.0000000000000000e+00 	 0.0000000000000000e+00 	 1.3032232662264198e+01
	 0.0000000000000000e+00 	 0.0000000000000000e+00 	 4.6732337044725779e+02 	 3.8638938945025717e+02 	 -1.3032232662264198e+01 	 0.0000000000000000e+00
	 0.0000000000000000e+00 	 0.0000000000000000e+00 	 3.8638938945025717e+02 	 1.4472541340256398e+03 	 -3.5198596042351433e+01 	 0.0000000000000000e+00
	 0.0000000000000000e+00 	 0.0000000000000000e+00 	 -1.3032232662264198e+01 	 -3.5198596042351433e+01 	 2.0250638916522686e+02 	 0.0000000000000000e+00
	 -3.8638938945025717e+02 	 1.3032232662264198e+01 	 0.0000000000000000e+00 	 0.0000000000000000e+00 	 0.0000000000000000e+00 	 1.6497605231908649e+03

	 0.350000 
	 1.8768944093338376e+08 	 4.5401212747066384e+06 	 0.0000000000000000e+00 	 0.0000000000000000e+00 	 0.0000000000000000e+00 	 2.3185398018207725e+07
	 4.5401212747081760e+06 	 3.4010253597386748e+08 	 0.0000000000000000e+00 	 0.0000000000000000e+00 	 0.0000000000000000e+00 	 3.0377706848074116e+07
	 0.0000000000000000e+00 	 0.0000000000000000e+00 	 2.1249512351702267e+10 	 6.7271325534233141e+09 	 -2.0358417304156291e+08 	 0.0000000000000000e+00
	 0.0000000000000000e+00 	 0.0000000000000000e+00 	 6.7271325534230967e+09 	 2.4293310941014168e+10 	 -4.9914420656535852e+08 	 0.0000000000000000e+00
	 0.0000000000000000e+00 	 0.0000000000000000e+00 	 -2.0358417304137549e+08 	 -4.9914420656515425e+08 	 1.0547559473697311e+10 	 0.0000000000000000e+00
	 2.3185398018186308e+07 	 3.0377706847643703e+07 	 0.0000000000000000e+00 	 0.0000000000000000e+00 	 0.0000000000000000e+00 	 4.5666638822159082e+08

	 4.4645773875276876e+02 	 0.0000000000000000e+00 	 0.0000000000000000e+00 	 0.0000000000000000e+00 	 0.0000000000000000e+00 	 -3.6561867584581296e+02
	 0.0000000000000000e+00 	 4.4645773875276876e+02 	 0.0000000000000000e+00 	 0.0000000000000000e+00 	 0.0000000000000000e+00 	 1.0333326316643600e+01
	 0.0000000000000000e+00 	 0.0000000000000000e+00 	 4.4645773875276876e+02 	 3.6561867584581296e+02 	 -1.0333326316643600e+01 	 0.0000000000000000e+00
	 0.0000000000000000e+00 	 0.0000000000000000e+00 	 3.6561867584581296e+02 	 1.2573052628640080e+03 	 -2.3978263335431460e+01 	 0.0000000000000000e+00
	 0.0000000000000000e+00 	 0.0000000000000000e+00 	 -1.0333326316643600e+01 	 -2.3978263335431460e+01 	 1.5305859127879995e+02 	 0.0000000000000000e+00
	 -3.6561867584581296e+02 	 1.0333326316643600e+01 	 0.0000000000000000e+00 	 0.0000000000000000e+00 	 0.0000000000000000e+00 	 1.4103638541428015e+03

	 0.400000 
	 1.6098044686298561e+08 	 3.7419408116675811e+06 	 0.0000000000000000e+00 	 0.0000000000000000e+00 	 0.0000000000000000e+00 	 1.9675265292415764e+07
	 3.7419408117822600e+06 	 3.2938947981502217e+08 	 0.0000000000000000e+00 	 0.0000000000000000e+00 	 0.0000000000000000e+00 	 2.3642547120675784e+07
	 0.0000000000000000e+00 	 0.0000000000000000e+00 	 2.0871188563320396e+10 	 5.6472390297801075e+09 	 -8.9519524720301464e+07 	 0.0000000000000000e+00
	 0.0000000000000000e+00 	 0.0000000000000000e+00 	 5.6472390297793598e+09 	 1.9311890816735661e+10 	 -3.3150537640699357e+08 	 0.0000000000000000e+00
	 0.0000000000000000e+00 	 0.0000000000000000e+00 	 -8.9519524720412552e+07 	 -3.3150537640707934e+08 	 8.4108242681566639e+09 	 0.0000000000000000e+00
	 1.9675265292330895e+07 	 2.3642547120488215e+07 	 0.0000000000000000e+00 	 0.0000000000000000e+00 	 0.0000000000000000e+00 	 3.5656325172705030e+08

