 ------- BEAMDYN V1.00.* INDIVIDUAL BLADE INPUT FILE --------------------------
 Test Format 1
 ---------------------- BLADE PARAMETERS --------------------------------------
28   station_total    - Number of blade input stations (-)
 1   damp_type        - Damping type: 0: no damping; 1: damped
  ---------------------- DAMPING COEFFICIENT------------------------------------
   mu1        mu2        mu3        mu4        mu5        mu6
   (-)        (-)        (-)        (-)        (-)        (-)
	 2.96836e-03 	 2.28198e-03 	 2.28198e-03 	 2.28198e-03 	 2.96836e-03 	 2.28198e-03
 ---------------------- DISTRIBUTED PROPERTIES---------------------------------
	 0.000000 
	 6.7413214455256472e+09 	 2.5135180339392554e+06 	 0.0000000000000000e+00 	 0.0000000000000000e+00 	 0.0000000000000000e+00 	 -9.9140999675843287e+06
	 2.5135180391851747e+06 	 6.7243888639052296e+09 	 0.0000000000000000e+00 	 0.0000000000000000e+00 	 0.0000000000000000e+00 	 3.8915945887298584e+07
	 0.0000000000000000e+00 	 0.0000000000000000e+00 	 4.6038221654499962e+10 	 -1.0526108732901895e+07 	 1.8721550608079206e+07 	 0.0000000000000000e+00
	 0.0000000000000000e+00 	 0.0000000000000000e+00 	 -1.0526108735991100e+07 	 1.4941515147801328e+11 	 -1.9002346458332110e+07 	 0.0000000000000000e+00
	 0.0000000000000000e+00 	 0.0000000000000000e+00 	 1.8721550619766757e+07 	 -1.9002346454692360e+07 	 1.4966648927095029e+11 	 0.0000000000000000e+00
	 -9.9140999675612692e+06 	 3.8915945887314104e+07 	 0.0000000000000000e+00 	 0.0000000000000000e+00 	 0.0000000000000000e+00 	 8.7412642444792313e+10

	 3.1265287998803838e+03 	 0.0000000000000000e+00 	 0.0000000000000000e+00 	 0.0000000000000000e+00 	 0.0000000000000000e+00 	 4.5413458267042328e-01
	 0.0000000000000000e+00 	 3.1265287998803838e+03 	 0.0000000000000000e+00 	 0.0000000000000000e+00 	 0.0000000000000000e+00 	 -2.2576929439986632e-01
	 0.0000000000000000e+00 	 0.0000000000000000e+00 	 3.1265287998803838e+03 	 -4.5413458267042328e-01 	 2.2576929439986632e-01 	 0.0000000000000000e+00
	 0.0000000000000000e+00 	 0.0000000000000000e+00 	 -4.5413458267042328e-01 	 1.0153458259511210e+04 	 1.2847707211303534e+00 	 0.0000000000000000e+00
	 0.0000000000000000e+00 	 0.0000000000000000e+00 	 2.2576929439986632e-01 	 1.2847707211303534e+00 	 1.0162032584553519e+04 	 0.0000000000000000e+00
	 4.5413458267042328e-01 	 -2.2576929439986632e-01 	 0.0000000000000000e+00 	 0.0000000000000000e+00 	 0.0000000000000000e+00 	 2.0315490844064680e+04

	 0.010000 
	 6.3850938255268707e+09 	 4.3268482825446496e+05 	 0.0000000000000000e+00 	 0.0000000000000000e+00 	 0.0000000000000000e+00 	 -1.0706127675164228e+07
	 4.3268482878405438e+05 	 6.3750977293305111e+09 	 0.0000000000000000e+00 	 0.0000000000000000e+00 	 0.0000000000000000e+00 	 3.6868457778651327e+07
	 0.0000000000000000e+00 	 0.0000000000000000e+00 	 4.3732599746052002e+10 	 -3.5489028218850102e+06 	 3.2561198475594642e+06 	 0.0000000000000000e+00
	 0.0000000000000000e+00 	 0.0000000000000000e+00 	 -3.5489028230865225e+06 	 1.4209587586555222e+11 	 -2.2624714822298896e+08 	 0.0000000000000000e+00
	 0.0000000000000000e+00 	 0.0000000000000000e+00 	 3.2561198470423017e+06 	 -2.2624714822307950e+08 	 1.4303782912669257e+11 	 0.0000000000000000e+00
	 -1.0706127675157916e+07 	 3.6868457778655700e+07 	 0.0000000000000000e+00 	 0.0000000000000000e+00 	 0.0000000000000000e+00 	 8.3140265788203522e+10

	 2.9636273840183658e+03 	 0.0000000000000000e+00 	 0.0000000000000000e+00 	 0.0000000000000000e+00 	 0.0000000000000000e+00 	 2.8678478034271399e-02
	 0.0000000000000000e+00 	 2.9636273840183658e+03 	 0.0000000000000000e+00 	 0.0000000000000000e+00 	 0.0000000000000000e+00 	 -2.1781053974380823e-01
	 0.0000000000000000e+00 	 0.0000000000000000e+00 	 2.9636273840183658e+03 	 -2.8678478034271399e-02 	 2.1781053974380823e-01 	 0.0000000000000000e+00
	 0.0000000000000000e+00 	 0.0000000000000000e+00 	 -2.8678478034271399e-02 	 9.6550452463387173e+03 	 -7.1867019885989170e-01 	 0.0000000000000000e+00
	 0.0000000000000000e+00 	 0.0000000000000000e+00 	 2.1781053974380823e-01 	 -7.1867019885989170e-01 	 9.6717590245608153e+03 	 0.0000000000000000e+00
	 2.8678478034271399e-02 	 -2.1781053974380823e-01 	 0.0000000000000000e+00 	 0.0000000000000000e+00 	 0.0000000000000000e+00 	 1.9326804270899494e+04

	 0.020000 
	 6.0330709232939253e+09 	 -7.9605504174997844e+06 	 0.0000000000000000e+00 	 0.0000000000000000e+00 	 0.0000000000000000e+00 	 -3.6767329882062478e+06
	 -7.9605504170618020e+06 	 6.0481239939081821e+09 	 0.0000000000000000e+00 	 0.0000000000000000e+00 	 0.0000000000000000e+00 	 3.9584147340796050e+06
	 0.0000000000000000e+00 	 0.0000000000000000e+00 	 4.1539079003376236e+10 	 1.4646934977765081e+07 	 -3.0403600274425484e+07 	 0.0000000000000000e+00
	 0.0000000000000000e+00 	 0.0000000000000000e+00 	 1.4646934977877446e+07 	 1.3479757796813199e+11 	 -5.3377471138874698e+08 	 0.0000000000000000e+00
	 0.0000000000000000e+00 	 0.0000000000000000e+00 	 -3.0403600273466408e+07 	 -5.3377471138758051e+08 	 1.3681591325298897e+11 	 0.0000000000000000e+00
	 -3.6767329882037207e+06 	 3.9584147340787891e+06 	 0.0000000000000000e+00 	 0.0000000000000000e+00 	 0.0000000000000000e+00 	 7.8952407865346436e+10

	 2.8033623646779133e+03 	 0.0000000000000000e+00 	 0.0000000000000000e+00 	 0.0000000000000000e+00 	 0.0000000000000000e+00 	 -1.9171135653939309e+00
	 0.0000000000000000e+00 	 2.8033623646779133e+03 	 0.0000000000000000e+00 	 0.0000000000000000e+00 	 0.0000000000000000e+00 	 1.7728574465073572e+00
	 0.0000000000000000e+00 	 0.0000000000000000e+00 	 2.8033623646779133e+03 	 1.9171135653939309e+00 	 -1.7728574465073572e+00 	 0.0000000000000000e+00
	 0.0000000000000000e+00 	 0.0000000000000000e+00 	 1.9171135653939309e+00 	 9.1556742181383597e+03 	 -1.8307366457584160e+00 	 0.0000000000000000e+00
	 0.0000000000000000e+00 	 0.0000000000000000e+00 	 -1.7728574465073572e+00 	 -1.8307366457584160e+00 	 9.1788505516514724e+03 	 0.0000000000000000e+00
	 -1.9171135653939309e+00 	 1.7728574465073572e+00 	 0.0000000000000000e+00 	 0.0000000000000000e+00 	 0.0000000000000000e+00 	 1.8334524769789867e+04

	 0.040000 
	 4.8013326860086355e+09 	 6.3147017170758117e+06 	 0.0000000000000000e+00 	 0.0000000000000000e+00 	 0.0000000000000000e+00 	 2.3967375241567355e+08
	 6.3147017169471476e+06 	 5.4646762087248344e+09 	 0.0000000000000000e+00 	 0.0000000000000000e+00 	 0.0000000000000000e+00 	 2.8332546188892681e+07
	 0.0000000000000000e+00 	 0.0000000000000000e+00 	 3.6008127496807976e+10 	 -1.6072732625517814e+09 	 -1.9865998135103253e+08 	 0.0000000000000000e+00
	 0.0000000000000000e+00 	 0.0000000000000000e+00 	 -1.6072732625523405e+09 	 1.1183677189536974e+11 	 -2.0484844686671531e+09 	 0.0000000000000000e+00
	 0.0000000000000000e+00 	 0.0000000000000000e+00 	 -1.9865998135065588e+08 	 -2.0484844686671200e+09 	 1.0424014975014729e+11 	 0.0000000000000000e+00
	 2.3967375241565901e+08 	 2.8332546188915141e+07 	 0.0000000000000000e+00 	 0.0000000000000000e+00 	 0.0000000000000000e+00 	 6.1469172793232384e+10

	 2.3879942902222565e+03 	 0.0000000000000000e+00 	 0.0000000000000000e+00 	 0.0000000000000000e+00 	 0.0000000000000000e+00 	 9.9962943908777049e+01
	 0.0000000000000000e+00 	 2.3879942902222565e+03 	 0.0000000000000000e+00 	 0.0000000000000000e+00 	 0.0000000000000000e+00 	 1.2303117847889432e+01
	 0.0000000000000000e+00 	 0.0000000000000000e+00 	 2.3879942902222565e+03 	 -9.9962943908777049e+01 	 -1.2303117847889432e+01 	 0.0000000000000000e+00
	 0.0000000000000000e+00 	 0.0000000000000000e+00 	 -9.9962943908777049e+01 	 7.5794339184289283e+03 	 -4.8132810466987898e+01 	 0.0000000000000000e+00
	 0.0000000000000000e+00 	 0.0000000000000000e+00 	 -1.2303117847889432e+01 	 -4.8132810466987898e+01 	 6.7748652832845146e+03 	 0.0000000000000000e+00
	 9.9962943908777049e+01 	 1.2303117847889432e+01 	 0.0000000000000000e+00 	 0.0000000000000000e+00 	 0.0000000000000000e+00 	 1.4354299201713409e+04

	 0.060000 
	 3.7243385950085316e+09 	 4.4545837484389041e+06 	 0.0000000000000000e+00 	 0.0000000000000000e+00 	 0.0000000000000000e+00 	 4.6285293867712724e+08
	 4.4545837491830736e+06 	 4.9231320810754719e+09 	 0.0000000000000000e+00 	 0.0000000000000000e+00 	 0.0000000000000000e+00 	 4.3496957259212539e+07
	 0.0000000000000000e+00 	 0.0000000000000000e+00 	 3.1662725424777809e+10 	 -3.0299318950996594e+09 	 -2.9462568811624688e+08 	 0.0000000000000000e+00
	 0.0000000000000000e+00 	 0.0000000000000000e+00 	 -3.0299318950989709e+09 	 9.3288273651757767e+10 	 -3.5264988424129567e+09 	 0.0000000000000000e+00
	 0.0000000000000000e+00 	 0.0000000000000000e+00 	 -2.9462568811642438e+08 	 -3.5264988424128065e+09 	 8.1212834262136658e+10 	 0.0000000000000000e+00
	 4.6285293867711157e+08 	 4.3496957259122826e+07 	 0.0000000000000000e+00 	 0.0000000000000000e+00 	 0.0000000000000000e+00 	 4.7291737778330688e+10

	 2.0273106143168179e+03 	 0.0000000000000000e+00 	 0.0000000000000000e+00 	 0.0000000000000000e+00 	 0.0000000000000000e+00 	 1.7509583125642584e+02
	 0.0000000000000000e+00 	 2.0273106143168179e+03 	 0.0000000000000000e+00 	 0.0000000000000000e+00 	 0.0000000000000000e+00 	 1.8168151417244580e+01
	 0.0000000000000000e+00 	 0.0000000000000000e+00 	 2.0273106143168179e+03 	 -1.7509583125642584e+02 	 -1.8168151417244580e+01 	 0.0000000000000000e+00
	 0.0000000000000000e+00 	 0.0000000000000000e+00 	 -1.7509583125642584e+02 	 6.2928119272076910e+03 	 -7.8545448645020798e+01 	 0.0000000000000000e+00
	 0.0000000000000000e+00 	 0.0000000000000000e+00 	 -1.8168151417244580e+01 	 -7.8545448645020798e+01 	 4.9632946619273180e+03 	 0.0000000000000000e+00
	 1.7509583125642584e+02 	 1.8168151417244580e+01 	 0.0000000000000000e+00 	 0.0000000000000000e+00 	 0.0000000000000000e+00 	 1.1256106589135006e+04

	 0.080000 
	 2.7952615748928814e+09 	 -5.3144113980219550e+06 	 0.0000000000000000e+00 	 0.0000000000000000e+00 	 0.0000000000000000e+00 	 6.3965999897306979e+08
	 -5.3144113980909875e+06 	 4.4214668557603407e+09 	 0.0000000000000000e+00 	 0.0000000000000000e+00 	 0.0000000000000000e+00 	 5.4255988055642962e+07
	 0.0000000000000000e+00 	 0.0000000000000000e+00 	 2.8365160948262798e+10 	 -4.3242705953437243e+09 	 -3.4611858364556968e+08 	 0.0000000000000000e+00
	 0.0000000000000000e+00 	 0.0000000000000000e+00 	 -4.3242705953435974e+09 	 7.8195038521941437e+10 	 -4.6919663836354647e+09 	 0.0000000000000000e+00
	 0.0000000000000000e+00 	 0.0000000000000000e+00 	 -3.4611858364592195e+08 	 -4.6919663836352253e+09 	 6.4689061604094460e+10 	 0.0000000000000000e+00
	 6.3965999897298920e+08 	 5.4255988055580378e+07 	 0.0000000000000000e+00 	 0.0000000000000000e+00 	 0.0000000000000000e+00 	 3.5760828758553024e+10

	 1.7168450785314888e+03 	 0.0000000000000000e+00 	 0.0000000000000000e+00 	 0.0000000000000000e+00 	 0.0000000000000000e+00 	 2.2290193684721879e+02
	 0.0000000000000000e+00 	 1.7168450785314888e+03 	 0.0000000000000000e+00 	 0.0000000000000000e+00 	 0.0000000000000000e+00 	 2.2079935496778702e+01
	 0.0000000000000000e+00 	 0.0000000000000000e+00 	 1.7168450785314888e+03 	 -2.2290193684721879e+02 	 -2.2079935496778702e+01 	 0.0000000000000000e+00
	 0.0000000000000000e+00 	 0.0000000000000000e+00 	 -2.2290193684721879e+02 	 5.2336983693137536e+03 	 -9.6658838908388091e+01 	 0.0000000000000000e+00
	 0.0000000000000000e+00 	 0.0000000000000000e+00 	 -2.2079935496778702e+01 	 -9.6658838908388091e+01 	 3.5986582200052462e+03 	 0.0000000000000000e+00
	 2.2290193684721879e+02 	 2.2079935496778702e+01 	 0.0000000000000000e+00 	 0.0000000000000000e+00 	 0.0000000000000000e+00 	 8.8323565893190425e+03

	 0.100000 
	 2.4214357620313339e+09 	 1.0762276800775154e+08 	 0.0000000000000000e+00 	 0.0000000000000000e+00 	 0.0000000000000000e+00 	 9.0879891756286442e+08
	 1.0762276800573699e+08 	 3.9799034515957799e+09 	 0.0000000000000000e+00 	 0.0000000000000000e+00 	 0.0000000000000000e+00 	 1.2048407696155079e+08
	 0.0000000000000000e+00 	 0.0000000000000000e+00 	 2.6947225473546734e+10 	 -5.1393791617970982e+09 	 -3.4986988523024094e+08 	 0.0000000000000000e+00
	 0.0000000000000000e+00 	 0.0000000000000000e+00 	 -5.1393791617968102e+09 	 6.8046986900267807e+10 	 -5.7284769902337456e+09 	 0.0000000000000000e+00
	 0.0000000000000000e+00 	 0.0000000000000000e+00 	 -3.4986988523005521e+08 	 -5.7284769902342529e+09 	 5.2353370572094528e+10 	 0.0000000000000000e+00
	 9.0879891756324124e+08 	 1.2048407696222569e+08 	 0.0000000000000000e+00 	 0.0000000000000000e+00 	 0.0000000000000000e+00 	 2.5639604812284901e+10

	 1.6861194507850116e+03 	 0.0000000000000000e+00 	 0.0000000000000000e+00 	 0.0000000000000000e+00 	 0.0000000000000000e+00 	 2.8792370131316392e+02
	 0.0000000000000000e+00 	 1.6861194507850116e+03 	 0.0000000000000000e+00 	 0.0000000000000000e+00 	 0.0000000000000000e+00 	 2.5027022418768841e+01
	 0.0000000000000000e+00 	 0.0000000000000000e+00 	 1.6861194507850116e+03 	 -2.8792370131316392e+02 	 -2.5027022418768841e+01 	 0.0000000000000000e+00
	 0.0000000000000000e+00 	 0.0000000000000000e+00 	 -2.8792370131316392e+02 	 4.6645519740717509e+03 	 -1.4814927486857894e+02 	 0.0000000000000000e+00
	 0.0000000000000000e+00 	 0.0000000000000000e+00 	 -2.5027022418768841e+01 	 -1.4814927486857894e+02 	 2.8005476739834330e+03 	 0.0000000000000000e+00
	 2.8792370131316392e+02 	 2.5027022418768841e+01 	 0.0000000000000000e+00 	 0.0000000000000000e+00 	 0.0000000000000000e+00 	 7.4650996480552167e+03

	 0.125000 
	 1.5457149544543693e+09 	 8.7127825838248998e+07 	 0.0000000000000000e+00 	 0.0000000000000000e+00 	 0.0000000000000000e+00 	 9.2418616778002036e+08
	 8.7127825837967664e+07 	 3.2008213699529185e+09 	 0.0000000000000000e+00 	 0.0000000000000000e+00 	 0.0000000000000000e+00 	 1.3895404097079974e+08
	 0.0000000000000000e+00 	 0.0000000000000000e+00 	 2.3903180977688580e+10 	 -6.1951967807054262e+09 	 -2.9179499102148288e+08 	 0.0000000000000000e+00
	 0.0000000000000000e+00 	 0.0000000000000000e+00 	 -6.1951967807050352e+09 	 5.5033826641334885e+10 	 -5.4720984868082771e+09 	 0.0000000000000000e+00
	 0.0000000000000000e+00 	 0.0000000000000000e+00 	 -2.9179499102127510e+08 	 -5.4720984868078671e+09 	 3.8513899528361893e+10 	 0.0000000000000000e+00
	 9.2418616778002906e+08 	 1.3895404097074994e+08 	 0.0000000000000000e+00 	 0.0000000000000000e+00 	 0.0000000000000000e+00 	 1.5747500256902014e+10

	 1.3144899291521829e+03 	 0.0000000000000000e+00 	 0.0000000000000000e+00 	 0.0000000000000000e+00 	 0.0000000000000000e+00 	 2.6026684460285048e+02
	 0.0000000000000000e+00 	 1.3144899291521829e+03 	 0.0000000000000000e+00 	 0.0000000000000000e+00 	 0.0000000000000000e+00 	 2.4446928112905500e+01
	 0.0000000000000000e+00 	 0.0000000000000000e+00 	 1.3144899291521829e+03 	 -2.6026684460285048e+02 	 -2.4446928112905500e+01 	 0.0000000000000000e+00
	 0.0000000000000000e+00 	 0.0000000000000000e+00 	 -2.6026684460285048e+02 	 3.6311211558481223e+03 	 -1.1378603937331414e+02 	 0.0000000000000000e+00
	 0.0000000000000000e+00 	 0.0000000000000000e+00 	 -2.4446928112905500e+01 	 -1.1378603937331414e+02 	 1.6776985559681943e+03 	 0.0000000000000000e+00
	 2.6026684460285048e+02 	 2.4446928112905500e+01 	 0.0000000000000000e+00 	 0.0000000000000000e+00 	 0.0000000000000000e+00 	 5.3088197118163016e+03

	 0.150000 
	 9.2021005623507428e+08 	 7.3163467643060163e+07 	 0.0000000000000000e+00 	 0.0000000000000000e+00 	 0.0000000000000000e+00 	 7.9461650108378017e+08
	 7.3163467642552346e+07 	 2.3430574399727325e+09 	 0.0000000000000000e+00 	 0.0000000000000000e+00 	 0.0000000000000000e+00 	 1.4341029234577176e+08
	 0.0000000000000000e+00 	 0.0000000000000000e+00 	 2.1579954599744640e+10 	 -7.5865554725683203e+09 	 -2.0350679295428905e+08 	 0.0000000000000000e+00
	 0.0000000000000000e+00 	 0.0000000000000000e+00 	 -7.5865554725682802e+09 	 4.4612301511785004e+10 	 -4.3424911410254469e+09 	 0.0000000000000000e+00
	 0.0000000000000000e+00 	 0.0000000000000000e+00 	 -2.0350679295458812e+08 	 -4.3424911410252409e+09 	 2.7847132043587654e+10 	 0.0000000000000000e+00
	 7.9461650108395290e+08 	 1.4341029234619379e+08 	 0.0000000000000000e+00 	 0.0000000000000000e+00 	 0.0000000000000000e+00 	 8.5900574298267994e+09

	 1.0036635754207397e+03 	 0.0000000000000000e+00 	 0.0000000000000000e+00 	 0.0000000000000000e+00 	 0.0000000000000000e+00 	 2.1621510308164005e+02
	 0.0000000000000000e+00 	 1.0036635754207397e+03 	 0.0000000000000000e+00 	 0.0000000000000000e+00 	 0.0000000000000000e+00 	 2.2316065700658818e+01
	 0.0000000000000000e+00 	 0.0000000000000000e+00 	 1.0036635754207397e+03 	 -2.1621510308164005e+02 	 -2.2316065700658818e+01 	 0.0000000000000000e+00
	 0.0000000000000000e+00 	 0.0000000000000000e+00 	 -2.1621510308164005e+02 	 2.7491360203234840e+03 	 -8.3519000708935749e+01 	 0.0000000000000000e+00
	 0.0000000000000000e+00 	 0.0000000000000000e+00 	 -2.2316065700658818e+01 	 -8.3519000708935749e+01 	 9.4906309183091128e+02 	 0.0000000000000000e+00
	 2.1621510308164005e+02 	 2.2316065700658818e+01 	 0.0000000000000000e+00 	 0.0000000000000000e+00 	 0.0000000000000000e+00 	 3.6981991121543870e+03

	 0.175000 
	 6.3010748552969205e+08 	 6.7405378639572546e+07 	 0.0000000000000000e+00 	 0.0000000000000000e+00 	 0.0000000000000000e+00 	 6.0369281233611476e+08
	 6.7405378639298767e+07 	 1.5329143643087177e+09 	 0.0000000000000000e+00 	 0.0000000000000000e+00 	 0.0000000000000000e+00 	 1.3892416250488955e+08
	 0.0000000000000000e+00 	 0.0000000000000000e+00 	 2.0223473691097450e+10 	 -9.1961861091369991e+09 	 -2.3344761153142732e+08 	 0.0000000000000000e+00
	 0.0000000000000000e+00 	 0.0000000000000000e+00 	 -9.1961861091363811e+09 	 3.8717208586849457e+10 	 -4.1914290356411572e+09 	 0.0000000000000000e+00
	 0.0000000000000000e+00 	 0.0000000000000000e+00 	 -2.3344761153198528e+08 	 -4.1914290356404929e+09 	 2.4635128115086761e+10 	 0.0000000000000000e+00
	 6.0369281233596098e+08 	 1.3892416250493255e+08 	 0.0000000000000000e+00 	 0.0000000000000000e+00 	 0.0000000000000000e+00 	 5.2488044463577633e+09

	 7.8048832648552832e+02 	 0.0000000000000000e+00 	 0.0000000000000000e+00 	 0.0000000000000000e+00 	 0.0000000000000000e+00 	 1.7473995154220484e+02
	 0.0000000000000000e+00 	 7.8048832648552832e+02 	 0.0000000000000000e+00 	 0.0000000000000000e+00 	 0.0000000000000000e+00 	 2.0014628748909800e+01
	 0.0000000000000000e+00 	 0.0000000000000000e+00 	 7.8048832648552832e+02 	 -1.7473995154220484e+02 	 -2.0014628748909800e+01 	 0.0000000000000000e+00
	 0.0000000000000000e+00 	 0.0000000000000000e+00 	 -1.7473995154220484e+02 	 2.1177602397985452e+03 	 -6.9290882891433625e+01 	 0.0000000000000000e+00
	 0.0000000000000000e+00 	 0.0000000000000000e+00 	 -2.0014628748909800e+01 	 -6.9290882891433625e+01 	 6.5949384953532979e+02 	 0.0000000000000000e+00
	 1.7473995154220484e+02 	 2.0014628748909800e+01 	 0.0000000000000000e+00 	 0.0000000000000000e+00 	 0.0000000000000000e+00 	 2.7772540893338733e+03

	 0.200000 
	 4.5125860844666749e+08 	 5.3195512943162359e+07 	 0.0000000000000000e+00 	 0.0000000000000000e+00 	 0.0000000000000000e+00 	 4.6961983265560848e+08
	 5.3195512942562498e+07 	 9.8088373879554904e+08 	 0.0000000000000000e+00 	 0.0000000000000000e+00 	 0.0000000000000000e+00 	 1.1556888144266048e+08
	 0.0000000000000000e+00 	 0.0000000000000000e+00 	 1.9744924896320400e+10 	 -1.0794368949293945e+10 	 -2.7072409305413324e+08 	 0.0000000000000000e+00
	 0.0000000000000000e+00 	 0.0000000000000000e+00 	 -1.0794368949284258e+10 	 3.6234442796627663e+10 	 -3.3099009648581967e+09 	 0.0000000000000000e+00
	 0.0000000000000000e+00 	 0.0000000000000000e+00 	 -2.7072409305408388e+08 	 -3.3099009648619175e+09 	 2.1657687403178337e+10 	 0.0000000000000000e+00
	 4.6961983265554512e+08 	 1.1556888143825673e+08 	 0.0000000000000000e+00 	 0.0000000000000000e+00 	 0.0000000000000000e+00 	 3.1719443426919017e+09

	 6.3953014207762760e+02 	 0.0000000000000000e+00 	 0.0000000000000000e+00 	 0.0000000000000000e+00 	 0.0000000000000000e+00 	 1.3772321150615178e+02
	 0.0000000000000000e+00 	 6.3953014207762760e+02 	 0.0000000000000000e+00 	 0.0000000000000000e+00 	 0.0000000000000000e+00 	 1.8309566688505992e+01
	 0.0000000000000000e+00 	 0.0000000000000000e+00 	 6.3953014207762760e+02 	 -1.3772321150615178e+02 	 -1.8309566688505992e+01 	 0.0000000000000000e+00
	 0.0000000000000000e+00 	 0.0000000000000000e+00 	 -1.3772321150615178e+02 	 1.7332189894521630e+03 	 -5.4554370679493850e+01 	 0.0000000000000000e+00
	 0.0000000000000000e+00 	 0.0000000000000000e+00 	 -1.8309566688505992e+01 	 -5.4554370679493850e+01 	 4.7111815245321571e+02 	 0.0000000000000000e+00
	 1.3772321150615178e+02 	 1.8309566688505992e+01 	 0.0000000000000000e+00 	 0.0000000000000000e+00 	 0.0000000000000000e+00 	 2.2043371419053829e+03

	 0.225000 
	 3.4703336529255271e+08 	 3.8567536605670385e+07 	 0.0000000000000000e+00 	 0.0000000000000000e+00 	 0.0000000000000000e+00 	 3.8693819391342396e+08
	 3.8567536605697751e+07 	 6.8612222888043141e+08 	 0.0000000000000000e+00 	 0.0000000000000000e+00 	 0.0000000000000000e+00 	 9.3116680150601268e+07
	 0.0000000000000000e+00 	 0.0000000000000000e+00 	 1.9760704201563118e+10 	 -1.1769625418830795e+10 	 -2.7941804956006128e+08 	 0.0000000000000000e+00
	 0.0000000000000000e+00 	 0.0000000000000000e+00 	 -1.1769625418830828e+10 	 3.6494888271057526e+10 	 -2.4172739096893897e+09 	 0.0000000000000000e+00
	 0.0000000000000000e+00 	 0.0000000000000000e+00 	 -2.7941804955949080e+08 	 -2.4172739096898308e+09 	 1.8413405055224804e+10 	 0.0000000000000000e+00
	 3.8693819391315168e+08 	 9.3116680150419235e+07 	 0.0000000000000000e+00 	 0.0000000000000000e+00 	 0.0000000000000000e+00 	 2.0456517667707994e+09

	 5.6282132022101337e+02 	 0.0000000000000000e+00 	 0.0000000000000000e+00 	 0.0000000000000000e+00 	 0.0000000000000000e+00 	 1.0772169508498668e+02
	 0.0000000000000000e+00 	 5.6282132022101337e+02 	 0.0000000000000000e+00 	 0.0000000000000000e+00 	 0.0000000000000000e+00 	 1.7399950335730459e+01
	 0.0000000000000000e+00 	 0.0000000000000000e+00 	 5.6282132022101337e+02 	 -1.0772169508498668e+02 	 -1.7399950335730459e+01 	 0.0000000000000000e+00
	 0.0000000000000000e+00 	 0.0000000000000000e+00 	 -1.0772169508498668e+02 	 1.5410340665180242e+03 	 -4.4315184703440316e+01 	 0.0000000000000000e+00
	 0.0000000000000000e+00 	 0.0000000000000000e+00 	 -1.7399950335730459e+01 	 -4.4315184703440316e+01 	 3.4854989548170943e+02 	 0.0000000000000000e+00
	 1.0772169508498668e+02 	 1.7399950335730459e+01 	 0.0000000000000000e+00 	 0.0000000000000000e+00 	 0.0000000000000000e+00 	 1.8895839619997332e+03

	 0.250000 
	 2.8994222462731361e+08 	 2.7452648305336989e+07 	 0.0000000000000000e+00 	 0.0000000000000000e+00 	 0.0000000000000000e+00 	 3.2718311696540713e+08
	 2.7452648305930831e+07 	 5.2729764294390076e+08 	 0.0000000000000000e+00 	 0.0000000000000000e+00 	 0.0000000000000000e+00 	 7.2641726851741910e+07
	 0.0000000000000000e+00 	 0.0000000000000000e+00 	 1.9836903331040703e+10 	 -1.2737928469755171e+10 	 -2.7152100547751206e+08 	 0.0000000000000000e+00
	 0.0000000000000000e+00 	 0.0000000000000000e+00 	 -1.2737928469755251e+10 	 3.5497612840410095e+10 	 -1.6691921438048935e+09 	 0.0000000000000000e+00
	 0.0000000000000000e+00 	 0.0000000000000000e+00 	 -2.7152100547696882e+08 	 -1.6691921438055034e+09 	 1.5480434735184952e+10 	 0.0000000000000000e+00
	 3.2718311696557432e+08 	 7.2641726851442054e+07 	 0.0000000000000000e+00 	 0.0000000000000000e+00 	 0.0000000000000000e+00 	 1.4112240268273609e+09

	 5.1456663684232944e+02 	 0.0000000000000000e+00 	 0.0000000000000000e+00 	 0.0000000000000000e+00 	 0.0000000000000000e+00 	 9.9467226897175848e+01
	 0.0000000000000000e+00 	 5.1456663684232944e+02 	 0.0000000000000000e+00 	 0.0000000000000000e+00 	 0.0000000000000000e+00 	 1.6399259455991174e+01
	 0.0000000000000000e+00 	 0.0000000000000000e+00 	 5.1456663684232944e+02 	 -9.9467226897175848e+01 	 -1.6399259455991174e+01 	 0.0000000000000000e+00
	 0.0000000000000000e+00 	 0.0000000000000000e+00 	 -9.9467226897175848e+01 	 1.3681496228027047e+03 	 -3.6457300906419654e+01 	 0.0000000000000000e+00
	 0.0000000000000000e+00 	 0.0000000000000000e+00 	 -1.6399259455991174e+01 	 -3.6457300906419654e+01 	 2.6812083947765126e+02 	 0.0000000000000000e+00
	 9.9467226897175848e+01 	 1.6399259455991174e+01 	 0.0000000000000000e+00 	 0.0000000000000000e+00 	 0.0000000000000000e+00 	 1.6362704622803592e+03

	 0.300000 
	 2.3191305465110514e+08 	 1.2756178240620157e+07 	 0.0000000000000000e+00 	 0.0000000000000000e+00 	 0.0000000000000000e+00 	 2.6776377393553779e+08
	 1.2756178239678200e+07 	 3.6982664174381816e+08 	 0.0000000000000000e+00 	 0.0000000000000000e+00 	 0.0000000000000000e+00 	 4.7815545036179021e+07
	 0.0000000000000000e+00 	 0.0000000000000000e+00 	 2.0598590698869026e+10 	 -1.3862577599096708e+10 	 -2.5651409042043516e+08 	 0.0000000000000000e+00
	 0.0000000000000000e+00 	 0.0000000000000000e+00 	 -1.3862577599097687e+10 	 3.4036423645360172e+10 	 -8.1593045448719621e+08 	 0.0000000000000000e+00
	 0.0000000000000000e+00 	 0.0000000000000000e+00 	 -2.5651409042049432e+08 	 -8.1593045448656392e+08 	 1.3130386617626518e+10 	 0.0000000000000000e+00
	 2.6776377393545580e+08 	 4.7815545037168868e+07 	 0.0000000000000000e+00 	 0.0000000000000000e+00 	 0.0000000000000000e+00 	 9.3326192901858902e+08

	 4.6728965818407738e+02 	 0.0000000000000000e+00 	 0.0000000000000000e+00 	 0.0000000000000000e+00 	 0.0000000000000000e+00 	 8.4271795756095543e+01
	 0.0000000000000000e+00 	 4.6728965818407738e+02 	 0.0000000000000000e+00 	 0.0000000000000000e+00 	 0.0000000000000000e+00 	 1.2980644826536416e+01
	 0.0000000000000000e+00 	 0.0000000000000000e+00 	 4.6728965818407738e+02 	 -8.4271795756095543e+01 	 -1.2980644826536416e+01 	 0.0000000000000000e+00
	 0.0000000000000000e+00 	 0.0000000000000000e+00 	 -8.4271795756095543e+01 	 1.1430407035573824e+03 	 -2.2073703368407902e+01 	 0.0000000000000000e+00
	 0.0000000000000000e+00 	 0.0000000000000000e+00 	 -1.2980644826536416e+01 	 -2.2073703368407902e+01 	 2.0255910702266442e+02 	 0.0000000000000000e+00
	 8.4271795756095543e+01 	 1.2980644826536416e+01 	 0.0000000000000000e+00 	 0.0000000000000000e+00 	 0.0000000000000000e+00 	 1.3455998105800527e+03

	 0.350000 
	 1.8773581287134862e+08 	 4.5483262394203991e+06 	 0.0000000000000000e+00 	 0.0000000000000000e+00 	 0.0000000000000000e+00 	 2.0505184940590164e+08
	 4.5483262395312311e+06 	 3.4009308431671482e+08 	 0.0000000000000000e+00 	 0.0000000000000000e+00 	 0.0000000000000000e+00 	 3.4770294013788290e+07
	 0.0000000000000000e+00 	 0.0000000000000000e+00 	 2.1249359008280201e+10 	 -1.3858063141987167e+10 	 -2.0204994661545786e+08 	 0.0000000000000000e+00
	 0.0000000000000000e+00 	 0.0000000000000000e+00 	 -1.3858063141986965e+10 	 3.1200321014918961e+10 	 -3.0328720294823956e+08 	 0.0000000000000000e+00
	 0.0000000000000000e+00 	 0.0000000000000000e+00 	 -2.0204994661547515e+08 	 -3.0328720294777411e+08 	 1.0551135588383801e+10 	 0.0000000000000000e+00
	 2.0505184940579906e+08 	 3.4770294013741307e+07 	 0.0000000000000000e+00 	 0.0000000000000000e+00 	 0.0000000000000000e+00 	 6.7789273601505256e+08

	 4.4647877214907504e+02 	 0.0000000000000000e+00 	 0.0000000000000000e+00 	 0.0000000000000000e+00 	 0.0000000000000000e+00 	 6.6911049042683118e+01
	 0.0000000000000000e+00 	 4.4647877214907504e+02 	 0.0000000000000000e+00 	 0.0000000000000000e+00 	 0.0000000000000000e+00 	 1.0295314707717599e+01
	 0.0000000000000000e+00 	 0.0000000000000000e+00 	 4.4647877214907504e+02 	 -6.6911049042683118e+01 	 -1.0295314707717599e+01 	 0.0000000000000000e+00
	 0.0000000000000000e+00 	 0.0000000000000000e+00 	 -6.6911049042683118e+01 	 9.6788958874874140e+02 	 -1.3968624754443558e+01 	 0.0000000000000000e+00
	 0.0000000000000000e+00 	 0.0000000000000000e+00 	 -1.0295314707717599e+01 	 -1.3968624754443558e+01 	 1.5311318261184471e+02 	 0.0000000000000000e+00
	 6.6911049042683118e+01 	 1.0295314707717599e+01 	 0.0000000000000000e+00 	 0.0000000000000000e+00 	 0.0000000000000000e+00 	 1.1210027713605807e+03

	 0.400000 
	 1.6101296946148342e+08 	 3.7453439214367638e+06 	 0.0000000000000000e+00 	 0.0000000000000000e+00 	 0.0000000000000000e+00 	 1.7086298223025030e+08
	 3.7453439214998968e+06 	 3.2938714279180598e+08 	 0.0000000000000000e+00 	 0.0000000000000000e+00 	 0.0000000000000000e+00 	 2.7148361143461652e+07
	 0.0000000000000000e+00 	 0.0000000000000000e+00 	 2.0871047887920982e+10 	 -1.3950078317112175e+10 	 -8.8811677959087387e+07 	 0.0000000000000000e+00
	 0.0000000000000000e+00 	 0.0000000000000000e+00 	 -1.3950078317110113e+10 	 2.7107338514290325e+10 	 -2.4805762766429040e+08 	 0.0000000000000000e+00
	 0.0000000000000000e+00 	 0.0000000000000000e+00 	 -8.8811677959003612e+07 	 -2.4805762766424358e+08 	 8.4124869797394838e+09 	 0.0000000000000000e+00
	 1.7086298223038766e+08 	 2.7148361143631231e+07 	 0.0000000000000000e+00 	 0.0000000000000000e+00 	 0.0000000000000000e+00 	 5.3552263229110849e+08

	 4.1549204207251324e+02 	 0.0000000000000000e+00 	 0.0000000000000000e+00 	 0.0000000000000000e+00 	 0.0000000000000000e+00 	 8.1670528909710995e+01
	 0.0000000000000000e+00 	 4.1549204207251324e+02 	 0.0000000000000000e+00 	 0.0000000000000000e+00 	 0.0000000000000000e+00 	 7.2581994780714645e+00
	 0.0000000000000000e+00 	 0.0000000000000000e+00 	 4.1549204207251324e+02 	 -8.1670528909710995e+01 	 -7.2581994780714645e+00 	 0.0000000000000000e+00
	 0.0000000000000000e+00 	 0.0000000000000000e+00 	 -8.1670528909710995e+01 	 7.7883060935124433e+02 	 -1.1526672867140235e+01 	 0.0000000000000000e+00
	 0.0000000000000000e+00 	 0.0000000000000000e+00 	 -7.2581994780714645e+00 	 -1.1526672867140235e+01 	 1.1856694484573829e+02 	 0.0000000000000000e+00
	 8.1670528909710995e+01 	 7.2581994780714645e+00 	 0.0000000000000000e+00 	 0.0000000000000000e+00 	 0.0000000000000000e+00 	 8.9739755419698304e+02

	 0.450000 
	 1.3755841132525975e+08 	 3.0859424882750125e+06 	 0.0000000000000000e+00 	 0.0000000000000000e+00 	 0.0000000000000000e+00 	 1.4226681292082477e+08
	 3.0859424881321886e+06 	 3.1765377918452954e+08 	 0.0000000000000000e+00 	 0.0000000000000000e+00 	 0.0000000000000000e+00 	 2.2235577013431381e+07
	 0.0000000000000000e+00 	 0.0000000000000000e+00 	 2.0205998582158176e+10 	 -1.3266412991672977e+10 	 -2.8904462062951874e+07 	 0.0000000000000000e+00
	 0.0000000000000000e+00 	 0.0000000000000000e+00 	 -1.3266412991673231e+10 	 2.4018822205433662e+10 	 -2.0350939195268756e+08 	 0.0000000000000000e+00
	 0.0000000000000000e+00 	 0.0000000000000000e+00 	 -2.8904462063038308e+07 	 -2.0350939195260280e+08 	 6.4971108007270451e+09 	 0.0000000000000000e+00
	 1.4226681292080590e+08 	 2.2235577013556167e+07 	 0.0000000000000000e+00 	 0.0000000000000000e+00 	 0.0000000000000000e+00 	 4.2229006084808123e+08

	 3.8939882595705251e+02 	 0.0000000000000000e+00 	 0.0000000000000000e+00 	 0.0000000000000000e+00 	 0.0000000000000000e+00 	 7.6830599935905624e+01
	 0.0000000000000000e+00 	 3.8939882595705251e+02 	 0.0000000000000000e+00 	 0.0000000000000000e+00 	 0.0000000000000000e+00 	 5.4396857890863464e+00
	 0.0000000000000000e+00 	 0.0000000000000000e+00 	 3.8939882595705251e+02 	 -7.6830599935905624e+01 	 -5.4396857890863464e+00 	 0.0000000000000000e+00
	 0.0000000000000000e+00 	 0.0000000000000000e+00 	 -7.6830599935905624e+01 	 6.5372318111518541e+02 	 -9.4303100105736668e+00 	 0.0000000000000000e+00
	 0.0000000000000000e+00 	 0.0000000000000000e+00 	 -5.4396857890863464e+00 	 -9.4303100105736668e+00 	 8.9718670651342023e+01 	 0.0000000000000000e+00
	 7.6830599935905624e+01 	 5.4396857890863464e+00 	 0.0000000000000000e+00 	 0.0000000000000000e+00 	 0.0000000000000000e+00 	 7.4344185176652729e+02

	 0.500000 
	 1.1560808357784973e+08 	 3.0603723314624871e+06 	 0.0000000000000000e+00 	 0.0000000000000000e+00 	 0.0000000000000000e+00 	 1.1582290472626723e+08
	 3.0603723317289939e+06 	 3.1999813053169924e+08 	 0.0000000000000000e+00 	 0.0000000000000000e+00 	 0.0000000000000000e+00 	 1.8743442565163814e+07
	 0.0000000000000000e+00 	 0.0000000000000000e+00 	 1.8891382903145100e+10 	 -1.3110396871301203e+10 	 -8.8477364762097657e+07 	 0.0000000000000000e+00
	 0.0000000000000000e+00 	 0.0000000000000000e+00 	 -1.3110396871301414e+10 	 1.9110759818886738e+10 	 -6.3746427060021229e+07 	 0.0000000000000000e+00
	 0.0000000000000000e+00 	 0.0000000000000000e+00 	 -8.8477364762216672e+07 	 -6.3746427059957623e+07 	 4.8364890410796423e+09 	 0.0000000000000000e+00
	 1.1582290472631726e+08 	 1.8743442565020051e+07 	 0.0000000000000000e+00 	 0.0000000000000000e+00 	 0.0000000000000000e+00 	 3.2457740497013235e+08

	 3.4336325153679087e+02 	 0.0000000000000000e+00 	 0.0000000000000000e+00 	 0.0000000000000000e+00 	 0.0000000000000000e+00 	 1.0642059137195571e+02
	 0.0000000000000000e+00 	 3.4336325153679087e+02 	 0.0000000000000000e+00 	 0.0000000000000000e+00 	 0.0000000000000000e+00 	 5.3645837827695244e+00
	 0.0000000000000000e+00 	 0.0000000000000000e+00 	 3.4336325153679087e+02 	 -1.0642059137195571e+02 	 -5.3645837827695244e+00 	 0.0000000000000000e+00
	 0.0000000000000000e+00 	 0.0000000000000000e+00 	 -1.0642059137195571e+02 	 4.6965132597370632e+02 	 -5.7221724813334260e+00 	 0.0000000000000000e+00
	 0.0000000000000000e+00 	 0.0000000000000000e+00 	 -5.3645837827695244e+00 	 -5.7221724813334260e+00 	 6.5680114997306262e+01 	 0.0000000000000000e+00
	 1.0642059137195571e+02 	 5.3645837827695244e+00 	 0.0000000000000000e+00 	 0.0000000000000000e+00 	 0.0000000000000000e+00 	 5.3533144097101103e+02

	 0.550000 
	 9.6561985783826560e+07 	 2.6413707258723560e+06 	 0.0000000000000000e+00 	 0.0000000000000000e+00 	 0.0000000000000000e+00 	 9.3658454440592051e+07
	 2.6413707258406826e+06 	 3.1549198649319428e+08 	 0.0000000000000000e+00 	 0.0000000000000000e+00 	 0.0000000000000000e+00 	 1.7108274968373448e+07
	 0.0000000000000000e+00 	 0.0000000000000000e+00 	 1.7968066322656528e+10 	 -1.2051714963477112e+10 	 -1.6058081268949741e+08 	 0.0000000000000000e+00
	 0.0000000000000000e+00 	 0.0000000000000000e+00 	 -1.2051714963477118e+10 	 1.5974895118959459e+10 	 3.7682954433105253e+07 	 0.0000000000000000e+00
	 0.0000000000000000e+00 	 0.0000000000000000e+00 	 -1.6058081268947351e+08 	 3.7682954433093071e+07 	 3.5779575816729236e+09 	 0.0000000000000000e+00
	 9.3658454440506399e+07 	 1.7108274968316574e+07 	 0.0000000000000000e+00 	 0.0000000000000000e+00 	 0.0000000000000000e+00 	 2.4901372370032275e+08

	 3.1585298886995633e+02 	 0.0000000000000000e+00 	 0.0000000000000000e+00 	 0.0000000000000000e+00 	 0.0000000000000000e+00 	 1.0149262483947797e+02
	 0.0000000000000000e+00 	 3.1585298886995633e+02 	 0.0000000000000000e+00 	 0.0000000000000000e+00 	 0.0000000000000000e+00 	 5.7515234249596574e+00
	 0.0000000000000000e+00 	 0.0000000000000000e+00 	 3.1585298886995633e+02 	 -1.0149262483947797e+02 	 -5.7515234249596574e+00 	 0.0000000000000000e+00
	 0.0000000000000000e+00 	 0.0000000000000000e+00 	 -1.0149262483947797e+02 	 3.7344158496723986e+02 	 -3.3981474659181541e+00 	 0.0000000000000000e+00
	 0.0000000000000000e+00 	 0.0000000000000000e+00 	 -5.7515234249596574e+00 	 -3.3981474659181541e+00 	 4.7911097769213441e+01 	 0.0000000000000000e+00
	 1.0149262483947797e+02 	 5.7515234249596574e+00 	 0.0000000000000000e+00 	 0.0000000000000000e+00 	 0.0000000000000000e+00 	 4.2135268273645386e+02

	 0.600000 
	 8.0696880151498228e+07 	 2.5264217693393319e+06 	 0.0000000000000000e+00 	 0.0000000000000000e+00 	 0.0000000000000000e+00 	 7.3740441161025047e+07
	 2.5264217693431014e+06 	 3.3284767740387523e+08 	 0.0000000000000000e+00 	 0.0000000000000000e+00 	 0.0000000000000000e+00 	 1.7697148830733214e+07
	 0.0000000000000000e+00 	 0.0000000000000000e+00 	 1.6837377655909513e+10 	 -1.1117765008530254e+10 	 -2.6397739964780721e+08 	 0.0000000000000000e+00
	 0.0000000000000000e+00 	 0.0000000000000000e+00 	 -1.1117765008530190e+10 	 1.2739425203193043e+10 	 1.4081481548262453e+08 	 0.0000000000000000e+00
	 0.0000000000000000e+00 	 0.0000000000000000e+00 	 -2.6397739964779246e+08 	 1.4081481548259160e+08 	 2.6380011687876220e+09 	 0.0000000000000000e+00
	 7.3740441161025003e+07 	 1.7697148830721095e+07 	 0.0000000000000000e+00 	 0.0000000000000000e+00 	 0.0000000000000000e+00 	 1.8802725893225017e+08

	 2.8324470474346413e+02 	 0.0000000000000000e+00 	 0.0000000000000000e+00 	 0.0000000000000000e+00 	 0.0000000000000000e+00 	 1.0523706070236352e+02
	 0.0000000000000000e+00 	 2.8324470474346413e+02 	 0.0000000000000000e+00 	 0.0000000000000000e+00 	 0.0000000000000000e+00 	 6.4099975335970090e+00
	 0.0000000000000000e+00 	 0.0000000000000000e+00 	 2.8324470474346413e+02 	 -1.0523706070236352e+02 	 -6.4099975335970090e+00 	 0.0000000000000000e+00
	 0.0000000000000000e+00 	 0.0000000000000000e+00 	 -1.0523706070236352e+02 	 2.7835378871786969e+02 	 -8.2774822563649475e-01 	 0.0000000000000000e+00
	 0.0000000000000000e+00 	 0.0000000000000000e+00 	 -6.4099975335970090e+00 	 -8.2774822563649475e-01 	 3.4921425522635886e+01 	 0.0000000000000000e+00
	 1.0523706070236352e+02 	 6.4099975335970090e+00 	 0.0000000000000000e+00 	 0.0000000000000000e+00 	 0.0000000000000000e+00 	 3.1327521424050451e+02

	 0.650000 
	 6.6744206326733589e+07 	 3.2689268408394516e+06 	 0.0000000000000000e+00 	 0.0000000000000000e+00 	 0.0000000000000000e+00 	 5.7918834682048097e+07
	 3.2689268408281961e+06 	 3.9443611550798285e+08 	 0.0000000000000000e+00 	 0.0000000000000000e+00 	 0.0000000000000000e+00 	 1.9605080086134154e+07
	 0.0000000000000000e+00 	 0.0000000000000000e+00 	 1.5466576122132074e+10 	 -1.0006299244374971e+10 	 -3.4273758021004093e+08 	 0.0000000000000000e+00
	 0.0000000000000000e+00 	 0.0000000000000000e+00 	 -1.0006299244374876e+10 	 9.6793953502649975e+09 	 2.0711053395663586e+08 	 0.0000000000000000e+00
	 0.0000000000000000e+00 	 0.0000000000000000e+00 	 -3.4273758021002424e+08 	 2.0711053395658359e+08 	 1.9104059700457821e+09 	 0.0000000000000000e+00
	 5.7918834681954339e+07 	 1.9605080086114224e+07 	 0.0000000000000000e+00 	 0.0000000000000000e+00 	 0.0000000000000000e+00 	 1.4066149282856074e+08

	 2.4857607129079759e+02 	 0.0000000000000000e+00 	 0.0000000000000000e+00 	 0.0000000000000000e+00 	 0.0000000000000000e+00 	 1.0774408124859556e+02
	 0.0000000000000000e+00 	 2.4857607129079759e+02 	 0.0000000000000000e+00 	 0.0000000000000000e+00 	 0.0000000000000000e+00 	 6.6977272298617354e+00
	 0.0000000000000000e+00 	 0.0000000000000000e+00 	 2.4857607129079759e+02 	 -1.0774408124859556e+02 	 -6.6977272298617354e+00 	 0.0000000000000000e+00
	 0.0000000000000000e+00 	 0.0000000000000000e+00 	 -1.0774408124859556e+02 	 1.9594647997387773e+02 	 1.0433713856168048e+00 	 0.0000000000000000e+00
	 0.0000000000000000e+00 	 0.0000000000000000e+00 	 -6.6977272298617354e+00 	 1.0433713856168048e+00 	 2.5098513800040891e+01 	 0.0000000000000000e+00
	 1.0774408124859556e+02 	 6.6977272298617354e+00 	 0.0000000000000000e+00 	 0.0000000000000000e+00 	 0.0000000000000000e+00 	 2.2104499377391875e+02

	 0.700000 
	 5.5437586797700107e+07 	 3.3482060561057283e+06 	 0.0000000000000000e+00 	 0.0000000000000000e+00 	 0.0000000000000000e+00 	 4.5309579289643176e+07
	 3.3482060560230091e+06 	 4.4924735535894120e+08 	 0.0000000000000000e+00 	 0.0000000000000000e+00 	 0.0000000000000000e+00 	 2.2015858550614439e+07
	 0.0000000000000000e+00 	 0.0000000000000000e+00 	 1.3854093279543318e+10 	 -8.3469469999819231e+09 	 -4.0272502362786055e+08 	 0.0000000000000000e+00
	 0.0000000000000000e+00 	 0.0000000000000000e+00 	 -8.3469469999819212e+09 	 7.2470091189145889e+09 	 2.3863572528078163e+08 	 0.0000000000000000e+00
	 0.0000000000000000e+00 	 0.0000000000000000e+00 	 -4.0272502362782508e+08 	 2.3863572528074864e+08 	 1.3488411715603180e+09 	 0.0000000000000000e+00
	 4.5309579289646409e+07 	 2.2015858550707523e+07 	 0.0000000000000000e+00 	 0.0000000000000000e+00 	 0.0000000000000000e+00 	 1.0532498770650943e+08

