 ------- BEAMDYN V1.00.* INDIVIDUAL BLADE INPUT FILE --------------------------
 Test Format 1
 ---------------------- BLADE PARAMETERS --------------------------------------
21   station_total    - Number of blade input stations (-)
 1   damp_type        - Damping type: 0: no damping; 1: damped
  ---------------------- DAMPING COEFFICIENT------------------------------------
   mu1        mu2        mu3        mu4        mu5        mu6
   (-)        (-)        (-)        (-)        (-)        (-)
0.00296836 0.00228198 0.00228198 0.00228198 0.00296836 0.00228198
 ---------------------- DISTRIBUTED PROPERTIES---------------------------------
	 0.000000 
	 6.7405392134364653e+09 	 2.5147947598409150e+06 	 0.0000000000000000e+00 	 0.0000000000000000e+00 	 0.0000000000000000e+00 	 1.4854322103101024e+08
	 2.5147947567135855e+06 	 6.7281408425801783e+09 	 0.0000000000000000e+00 	 0.0000000000000000e+00 	 0.0000000000000000e+00 	 3.8989401038013421e+07
	 0.0000000000000000e+00 	 0.0000000000000000e+00 	 4.6048392298261200e+10 	 -1.0930676979450381e+09 	 1.8740179989505369e+07 	 0.0000000000000000e+00
	 0.0000000000000000e+00 	 0.0000000000000000e+00 	 -1.0930676979463844e+09 	 1.4959052161907037e+11 	 -1.9475478405538023e+07 	 0.0000000000000000e+00
	 0.0000000000000000e+00 	 0.0000000000000000e+00 	 1.8740179995864350e+07 	 -1.9475478403861020e+07 	 1.4971524243839935e+11 	 0.0000000000000000e+00
	 1.4854322103103656e+08 	 3.8989401038094871e+07 	 0.0000000000000000e+00 	 0.0000000000000000e+00 	 0.0000000000000000e+00 	 8.7473875197185440e+10

	 3.1272196159279256e+03 	 0.0000000000000000e+00 	 0.0000000000000000e+00 	 0.0000000000000000e+00 	 0.0000000000000000e+00 	 7.3971023720723835e+01
	 0.0000000000000000e+00 	 3.1272196159279256e+03 	 0.0000000000000000e+00 	 0.0000000000000000e+00 	 0.0000000000000000e+00 	 -2.2678996422806674e-01
	 0.0000000000000000e+00 	 0.0000000000000000e+00 	 3.1272196159279256e+03 	 -7.3971023720723835e+01 	 2.2678996422806674e-01 	 0.0000000000000000e+00
	 0.0000000000000000e+00 	 0.0000000000000000e+00 	 -7.3971023720723835e+01 	 1.0165360929580707e+04 	 1.2788624927101084e+00 	 0.0000000000000000e+00
	 0.0000000000000000e+00 	 0.0000000000000000e+00 	 2.2678996422806674e-01 	 1.2788624927101084e+00 	 1.0165344619756490e+04 	 0.0000000000000000e+00
	 7.3971023720723835e+01 	 -2.2678996422806674e-01 	 0.0000000000000000e+00 	 0.0000000000000000e+00 	 0.0000000000000000e+00 	 2.0330705549337261e+04

	 0.050000 
	 4.2449881633877850e+09 	 6.9729935988438446e+06 	 0.0000000000000000e+00 	 0.0000000000000000e+00 	 0.0000000000000000e+00 	 -4.2407947279121399e+08
	 6.9729935990016274e+06 	 5.1925566181334925e+09 	 0.0000000000000000e+00 	 0.0000000000000000e+00 	 0.0000000000000000e+00 	 3.5847448485273160e+07
	 0.0000000000000000e+00 	 0.0000000000000000e+00 	 3.3711936264195850e+10 	 3.9015291348614783e+09 	 -2.5166008715936342e+08 	 0.0000000000000000e+00
	 0.0000000000000000e+00 	 0.0000000000000000e+00 	 3.9015291348615956e+09 	 1.0256404786365338e+11 	 -2.8590604107116165e+09 	 0.0000000000000000e+00
	 0.0000000000000000e+00 	 0.0000000000000000e+00 	 -2.5166008715973151e+08 	 -2.8590604107118945e+09 	 9.1850194162722580e+10 	 0.0000000000000000e+00
	 -4.2407947279118621e+08 	 3.5847448485297702e+07 	 0.0000000000000000e+00 	 0.0000000000000000e+00 	 0.0000000000000000e+00 	 5.4098676215275475e+10

	 2.2024672099485942e+03 	 0.0000000000000000e+00 	 0.0000000000000000e+00 	 0.0000000000000000e+00 	 0.0000000000000000e+00 	 -2.6680437126615766e+02
	 0.0000000000000000e+00 	 2.2024672099485942e+03 	 0.0000000000000000e+00 	 0.0000000000000000e+00 	 0.0000000000000000e+00 	 1.5756700474281578e+01
	 0.0000000000000000e+00 	 0.0000000000000000e+00 	 2.2024672099485942e+03 	 2.6680437126615766e+02 	 -1.5756700474281578e+01 	 0.0000000000000000e+00
	 0.0000000000000000e+00 	 0.0000000000000000e+00 	 2.6680437126615766e+02 	 6.9408577154841159e+03 	 -6.8087767130715989e+01 	 0.0000000000000000e+00
	 0.0000000000000000e+00 	 0.0000000000000000e+00 	 -1.5756700474281578e+01 	 -6.8087767130715989e+01 	 5.8131319448191252e+03 	 0.0000000000000000e+00
	 -2.6680437126615766e+02 	 1.5756700474281578e+01 	 0.0000000000000000e+00 	 0.0000000000000000e+00 	 0.0000000000000000e+00 	 1.2753989660303216e+04

	 0.100000 
	 2.4224126099474702e+09 	 1.0797246409633462e+08 	 0.0000000000000000e+00 	 0.0000000000000000e+00 	 0.0000000000000000e+00 	 -1.6480432014002484e+08
	 1.0797246409474978e+08 	 3.9804255884455338e+09 	 0.0000000000000000e+00 	 0.0000000000000000e+00 	 0.0000000000000000e+00 	 7.4602007482009038e+07
	 0.0000000000000000e+00 	 0.0000000000000000e+00 	 2.6969643460319279e+10 	 6.9579805938021154e+09 	 -3.4509109050854200e+08 	 0.0000000000000000e+00
	 0.0000000000000000e+00 	 0.0000000000000000e+00 	 6.9579805938014069e+09 	 6.8987447894024628e+10 	 -5.9085270371165333e+09 	 0.0000000000000000e+00
	 0.0000000000000000e+00 	 0.0000000000000000e+00 	 -3.4509109051007283e+08 	 -5.9085270371162615e+09 	 5.2420267161402069e+10 	 0.0000000000000000e+00
	 -1.6480432013973993e+08 	 7.4602007481899261e+07 	 0.0000000000000000e+00 	 0.0000000000000000e+00 	 0.0000000000000000e+00 	 2.5296801899481419e+10

	 1.6904703325112559e+03 	 0.0000000000000000e+00 	 0.0000000000000000e+00 	 0.0000000000000000e+00 	 0.0000000000000000e+00 	 -4.6919866019716170e+02
	 0.0000000000000000e+00 	 1.6904703325112559e+03 	 0.0000000000000000e+00 	 0.0000000000000000e+00 	 0.0000000000000000e+00 	 2.4920506201070989e+01
	 0.0000000000000000e+00 	 0.0000000000000000e+00 	 1.6904703325112559e+03 	 4.6919866019716170e+02 	 -2.4920506201070989e+01 	 0.0000000000000000e+00
	 0.0000000000000000e+00 	 0.0000000000000000e+00 	 4.6919866019716170e+02 	 4.7542421257300839e+03 	 -1.6039326093547692e+02 	 0.0000000000000000e+00
	 0.0000000000000000e+00 	 0.0000000000000000e+00 	 -2.4920506201070989e+01 	 -1.6039326093547692e+02 	 2.8061661722633476e+03 	 0.0000000000000000e+00
	 -4.6919866019716170e+02 	 2.4920506201070989e+01 	 0.0000000000000000e+00 	 0.0000000000000000e+00 	 0.0000000000000000e+00 	 7.5604082979934337e+03

	 0.150000 
	 9.2204448398062038e+08 	 7.2780077070945591e+07 	 0.0000000000000000e+00 	 0.0000000000000000e+00 	 0.0000000000000000e+00 	 1.5317579217694420e+08
	 7.2780077071126089e+07 	 2.3440354273646665e+09 	 0.0000000000000000e+00 	 0.0000000000000000e+00 	 0.0000000000000000e+00 	 9.4039671355589703e+07
	 0.0000000000000000e+00 	 0.0000000000000000e+00 	 2.1606043524582703e+10 	 7.6082520841559858e+09 	 -2.0184080416121462e+08 	 0.0000000000000000e+00
	 0.0000000000000000e+00 	 0.0000000000000000e+00 	 7.6082520841559067e+09 	 4.4718920485194977e+10 	 -4.4701452011877308e+09 	 0.0000000000000000e+00
	 0.0000000000000000e+00 	 0.0000000000000000e+00 	 -2.0184080416139513e+08 	 -4.4701452011878901e+09 	 2.7912586745401474e+10 	 0.0000000000000000e+00
	 1.5317579217724341e+08 	 9.4039671355774313e+07 	 0.0000000000000000e+00 	 0.0000000000000000e+00 	 0.0000000000000000e+00 	 7.9161315517698698e+09

	 1.0085724735172969e+03 	 0.0000000000000000e+00 	 0.0000000000000000e+00 	 0.0000000000000000e+00 	 0.0000000000000000e+00 	 -4.9048986395820043e+02
	 0.0000000000000000e+00 	 1.0085724735172969e+03 	 0.0000000000000000e+00 	 0.0000000000000000e+00 	 0.0000000000000000e+00 	 2.2079924470103514e+01
	 0.0000000000000000e+00 	 0.0000000000000000e+00 	 1.0085724735172969e+03 	 4.9048986395820043e+02 	 -2.2079924470103514e+01 	 0.0000000000000000e+00
	 0.0000000000000000e+00 	 0.0000000000000000e+00 	 4.9048986395820043e+02 	 2.9486313235137077e+03 	 -9.9108796590289757e+01 	 0.0000000000000000e+00
	 0.0000000000000000e+00 	 0.0000000000000000e+00 	 -2.2079924470103514e+01 	 -9.9108796590289757e+01 	 9.5229639945641941e+02 	 0.0000000000000000e+00
	 -4.9048986395820043e+02 	 2.2079924470103514e+01 	 0.0000000000000000e+00 	 0.0000000000000000e+00 	 0.0000000000000000e+00 	 3.9009277229701233e+03

	 0.200000 
	 4.5290953692388457e+08 	 5.3220549571114630e+07 	 0.0000000000000000e+00 	 0.0000000000000000e+00 	 0.0000000000000000e+00 	 6.0375526731798083e+07
	 5.3220549570804156e+07 	 9.8119472108382642e+08 	 0.0000000000000000e+00 	 0.0000000000000000e+00 	 0.0000000000000000e+00 	 6.7798105375774622e+07
	 0.0000000000000000e+00 	 0.0000000000000000e+00 	 1.9756756621363983e+10 	 7.1444557122510281e+09 	 -2.6887277044029552e+08 	 0.0000000000000000e+00
	 0.0000000000000000e+00 	 0.0000000000000000e+00 	 7.1444557122551584e+09 	 3.2957080672080902e+10 	 -3.5522323155739331e+09 	 0.0000000000000000e+00
	 0.0000000000000000e+00 	 0.0000000000000000e+00 	 -2.6887277043940020e+08 	 -3.5522323155722766e+09 	 2.1699307451957951e+10 	 0.0000000000000000e+00
	 6.0375526731650636e+07 	 6.7798105373547822e+07 	 0.0000000000000000e+00 	 0.0000000000000000e+00 	 0.0000000000000000e+00 	 2.6929828139874997e+09

	 6.4332448432676688e+02 	 0.0000000000000000e+00 	 0.0000000000000000e+00 	 0.0000000000000000e+00 	 0.0000000000000000e+00 	 -4.4365007678332654e+02
	 0.0000000000000000e+00 	 6.4332448432676688e+02 	 0.0000000000000000e+00 	 0.0000000000000000e+00 	 0.0000000000000000e+00 	 1.8217093778790336e+01
	 0.0000000000000000e+00 	 0.0000000000000000e+00 	 6.4332448432676688e+02 	 4.4365007678332654e+02 	 -1.8217093778790336e+01 	 0.0000000000000000e+00
	 0.0000000000000000e+00 	 0.0000000000000000e+00 	 4.4365007678332654e+02 	 2.0143280590719048e+03 	 -7.1160943289037988e+01 	 0.0000000000000000e+00
	 0.0000000000000000e+00 	 0.0000000000000000e+00 	 -1.8217093778790336e+01 	 -7.1160943289037988e+01 	 4.7320894987376664e+02 	 0.0000000000000000e+00
	 -4.4365007678332654e+02 	 1.8217093778790336e+01 	 0.0000000000000000e+00 	 0.0000000000000000e+00 	 0.0000000000000000e+00 	 2.4875370089456760e+03

	 0.250000 
	 2.9064573877773923e+08 	 2.7494474328026537e+07 	 0.0000000000000000e+00 	 0.0000000000000000e+00 	 0.0000000000000000e+00 	 3.5580567162168026e+07
	 2.7494474326714978e+07 	 5.2729561151161915e+08 	 0.0000000000000000e+00 	 0.0000000000000000e+00 	 0.0000000000000000e+00 	 4.5118257167057052e+07
	 0.0000000000000000e+00 	 0.0000000000000000e+00 	 1.9838098764630001e+10 	 7.2195659705524445e+09 	 -2.7169240518310958e+08 	 0.0000000000000000e+00
	 0.0000000000000000e+00 	 0.0000000000000000e+00 	 7.2195659705513020e+09 	 2.9953266982056190e+10 	 -1.9425334861969697e+09 	 0.0000000000000000e+00
	 0.0000000000000000e+00 	 0.0000000000000000e+00 	 -2.7169240518181926e+08 	 -1.9425334861961775e+09 	 1.5483926488726591e+10 	 0.0000000000000000e+00
	 3.5580567161689140e+07 	 4.5118257166474938e+07 	 0.0000000000000000e+00 	 0.0000000000000000e+00 	 0.0000000000000000e+00 	 1.0469702578190322e+09

	 5.1674880720930480e+02 	 0.0000000000000000e+00 	 0.0000000000000000e+00 	 0.0000000000000000e+00 	 0.0000000000000000e+00 	 -4.1821344893740945e+02
	 0.0000000000000000e+00 	 5.1674880720930480e+02 	 0.0000000000000000e+00 	 0.0000000000000000e+00 	 0.0000000000000000e+00 	 1.6384680380380740e+01
	 0.0000000000000000e+00 	 0.0000000000000000e+00 	 5.1674880720930480e+02 	 4.1821344893740945e+02 	 -1.6384680380380740e+01 	 0.0000000000000000e+00
	 0.0000000000000000e+00 	 0.0000000000000000e+00 	 4.1821344893740945e+02 	 1.6894600406381362e+03 	 -5.2929396184039533e+01 	 0.0000000000000000e+00
	 0.0000000000000000e+00 	 0.0000000000000000e+00 	 -1.6384680380380740e+01 	 -5.2929396184039533e+01 	 2.6869127077567970e+02 	 0.0000000000000000e+00
	 -4.1821344893740945e+02 	 1.6384680380380740e+01 	 0.0000000000000000e+00 	 0.0000000000000000e+00 	 0.0000000000000000e+00 	 1.9581513114138179e+03

	 0.300000 
	 2.3215079569362020e+08 	 1.2775784627943479e+07 	 0.0000000000000000e+00 	 0.0000000000000000e+00 	 0.0000000000000000e+00 	 3.3984214928131334e+07
	 1.2775784627618784e+07 	 3.6982708738494313e+08 	 0.0000000000000000e+00 	 0.0000000000000000e+00 	 0.0000000000000000e+00 	 3.4967698682039961e+07
	 0.0000000000000000e+00 	 0.0000000000000000e+00 	 2.0597736911714230e+10 	 6.8855985661855125e+09 	 -2.5874553919146821e+08 	 0.0000000000000000e+00
	 0.0000000000000000e+00 	 0.0000000000000000e+00 	 6.8855985661858654e+09 	 2.7006077649922276e+10 	 -1.0754754870839808e+09 	 0.0000000000000000e+00
	 0.0000000000000000e+00 	 0.0000000000000000e+00 	 -2.5874553919087452e+08 	 -1.0754754870841222e+09 	 1.3125593015391581e+10 	 0.0000000000000000e+00
	 3.3984214928041391e+07 	 3.4967698682107113e+07 	 0.0000000000000000e+00 	 0.0000000000000000e+00 	 0.0000000000000000e+00 	 6.2910204898448813e+08

	 4.6858768178704770e+02 	 0.0000000000000000e+00 	 0.0000000000000000e+00 	 0.0000000000000000e+00 	 0.0000000000000000e+00 	 -3.8639098727527698e+02
	 0.0000000000000000e+00 	 4.6858768178704770e+02 	 0.0000000000000000e+00 	 0.0000000000000000e+00 	 0.0000000000000000e+00 	 1.3027891280489797e+01
	 0.0000000000000000e+00 	 0.0000000000000000e+00 	 4.6858768178704770e+02 	 3.8639098727527698e+02 	 -1.3027891280489797e+01 	 0.0000000000000000e+00
	 0.0000000000000000e+00 	 0.0000000000000000e+00 	 3.8639098727527698e+02 	 1.4473834524451827e+03 	 -3.5208007746321286e+01 	 0.0000000000000000e+00
	 0.0000000000000000e+00 	 0.0000000000000000e+00 	 -1.3027891280489797e+01 	 -3.5208007746321286e+01 	 2.0272421854392414e+02 	 0.0000000000000000e+00
	 -3.8639098727527698e+02 	 1.3027891280489797e+01 	 0.0000000000000000e+00 	 0.0000000000000000e+00 	 0.0000000000000000e+00 	 1.6501076709891088e+03

	 0.350000 
	 1.8793390363985530e+08 	 4.5482477538600396e+06 	 0.0000000000000000e+00 	 0.0000000000000000e+00 	 0.0000000000000000e+00 	 2.3199609110836729e+07
	 4.5482477538201436e+06 	 3.4011234073908240e+08 	 0.0000000000000000e+00 	 0.0000000000000000e+00 	 0.0000000000000000e+00 	 3.0374435566625290e+07
	 0.0000000000000000e+00 	 0.0000000000000000e+00 	 2.1255878866839588e+10 	 6.7273554249210644e+09 	 -2.0249886099353838e+08 	 0.0000000000000000e+00
	 0.0000000000000000e+00 	 0.0000000000000000e+00 	 6.7273554249204493e+09 	 2.4293183002920547e+10 	 -4.9967176973352307e+08 	 0.0000000000000000e+00
	 0.0000000000000000e+00 	 0.0000000000000000e+00 	 -2.0249886099305803e+08 	 -4.9967176973302704e+08 	 1.0550436817316496e+10 	 0.0000000000000000e+00
	 2.3199609110680807e+07 	 3.0374435566473279e+07 	 0.0000000000000000e+00 	 0.0000000000000000e+00 	 0.0000000000000000e+00 	 4.5675915997833586e+08

	 4.4719883985713824e+02 	 0.0000000000000000e+00 	 0.0000000000000000e+00 	 0.0000000000000000e+00 	 0.0000000000000000e+00 	 -3.6560415251253005e+02
	 0.0000000000000000e+00 	 4.4719883985713824e+02 	 0.0000000000000000e+00 	 0.0000000000000000e+00 	 0.0000000000000000e+00 	 1.0323748281712612e+01
	 0.0000000000000000e+00 	 0.0000000000000000e+00 	 4.4719883985713824e+02 	 3.6560415251253005e+02 	 -1.0323748281712612e+01 	 0.0000000000000000e+00
	 0.0000000000000000e+00 	 0.0000000000000000e+00 	 3.6560415251253005e+02 	 1.2573542616488307e+03 	 -2.3982553307151669e+01 	 0.0000000000000000e+00
	 0.0000000000000000e+00 	 0.0000000000000000e+00 	 -1.0323748281712612e+01 	 -2.3982553307151669e+01 	 1.5319273774314570e+02 	 0.0000000000000000e+00
	 -3.6560415251253005e+02 	 1.0323748281712612e+01 	 0.0000000000000000e+00 	 0.0000000000000000e+00 	 0.0000000000000000e+00 	 1.4105469993919801e+03

	 0.400000 
	 1.6110382657118893e+08 	 3.7429781894311151e+06 	 0.0000000000000000e+00 	 0.0000000000000000e+00 	 0.0000000000000000e+00 	 1.9690935233146746e+07
	 3.7429781895794808e+06 	 3.2938482996950758e+08 	 0.0000000000000000e+00 	 0.0000000000000000e+00 	 0.0000000000000000e+00 	 2.3636935419714190e+07
	 0.0000000000000000e+00 	 0.0000000000000000e+00 	 2.0870777736213379e+10 	 5.6453720385437393e+09 	 -8.9465134087182969e+07 	 0.0000000000000000e+00
	 0.0000000000000000e+00 	 0.0000000000000000e+00 	 5.6453720385454006e+09 	 1.9310083311598392e+10 	 -3.3151212911952150e+08 	 0.0000000000000000e+00
	 0.0000000000000000e+00 	 0.0000000000000000e+00 	 -8.9465134087116584e+07 	 -3.3151212911935133e+08 	 8.4106359514423237e+09 	 0.0000000000000000e+00
	 1.9690935233017992e+07 	 2.3636935419775564e+07 	 0.0000000000000000e+00 	 0.0000000000000000e+00 	 0.0000000000000000e+00 	 3.5659592478045714e+08

	 4.1574274068992634e+02 	 0.0000000000000000e+00 	 0.0000000000000000e+00 	 0.0000000000000000e+00 	 0.0000000000000000e+00 	 -3.0842365615768716e+02
	 0.0000000000000000e+00 	 4.1574274068992634e+02 	 0.0000000000000000e+00 	 0.0000000000000000e+00 	 0.0000000000000000e+00 	 7.2730888363034722e+00
	 0.0000000000000000e+00 	 0.0000000000000000e+00 	 4.1574274068992634e+02 	 3.0842365615768716e+02 	 -7.2730888363034722e+00 	 0.0000000000000000e+00
	 0.0000000000000000e+00 	 0.0000000000000000e+00 	 3.0842365615768716e+02 	 9.9175321149693502e+02 	 -1.8355811292230573e+01 	 0.0000000000000000e+00
	 0.0000000000000000e+00 	 0.0000000000000000e+00 	 -7.2730888363034722e+00 	 -1.8355811292230573e+01 	 1.1857260500036732e+02 	 0.0000000000000000e+00
	 -3.0842365615768716e+02 	 7.2730888363034722e+00 	 0.0000000000000000e+00 	 0.0000000000000000e+00 	 0.0000000000000000e+00 	 1.1103258164973063e+03

	 0.450000 
	 1.3752823846878290e+08 	 3.0816920612578569e+06 	 0.0000000000000000e+00 	 0.0000000000000000e+00 	 0.0000000000000000e+00 	 1.6810848632985432e+07
	 3.0816920612803935e+06 	 3.1765343075222999e+08 	 0.0000000000000000e+00 	 0.0000000000000000e+00 	 0.0000000000000000e+00 	 1.9425284462766457e+07
	 0.0000000000000000e+00 	 0.0000000000000000e+00 	 2.0205748732239788e+10 	 5.1613753819867945e+09 	 -2.9447447230478756e+07 	 0.0000000000000000e+00
	 0.0000000000000000e+00 	 0.0000000000000000e+00 	 5.1613753819869375e+09 	 1.6626578839154484e+10 	 -2.2982706490424687e+08 	 0.0000000000000000e+00
	 0.0000000000000000e+00 	 0.0000000000000000e+00 	 -2.9447447230761908e+07 	 -2.2982706490435648e+08 	 6.4952367003398285e+09 	 0.0000000000000000e+00
	 1.6810848632988650e+07 	 1.9425284462899037e+07 	 0.0000000000000000e+00 	 0.0000000000000000e+00 	 0.0000000000000000e+00 	 2.7713928244023079e+08

	 3.8937330398707854e+02 	 0.0000000000000000e+00 	 0.0000000000000000e+00 	 0.0000000000000000e+00 	 0.0000000000000000e+00 	 -2.7829429782453741e+02
	 0.0000000000000000e+00 	 3.8937330398707854e+02 	 0.0000000000000000e+00 	 0.0000000000000000e+00 	 0.0000000000000000e+00 	 5.4511881187231852e+00
	 0.0000000000000000e+00 	 0.0000000000000000e+00 	 3.8937330398707854e+02 	 2.7829429782453741e+02 	 -5.4511881187231852e+00 	 0.0000000000000000e+00
	 0.0000000000000000e+00 	 0.0000000000000000e+00 	 2.7829429782453741e+02 	 8.3743790461059314e+02 	 -1.4397525752301691e+01 	 0.0000000000000000e+00
	 0.0000000000000000e+00 	 0.0000000000000000e+00 	 -5.4511881187231852e+00 	 -1.4397525752301691e+01 	 8.9691086678080822e+01 	 0.0000000000000000e+00
	 -2.7829429782453741e+02 	 5.4511881187231852e+00 	 0.0000000000000000e+00 	 0.0000000000000000e+00 	 0.0000000000000000e+00 	 9.2712899128867696e+02

	 0.500000 
	 1.1553938499751374e+08 	 3.0592872637403430e+06 	 0.0000000000000000e+00 	 0.0000000000000000e+00 	 0.0000000000000000e+00 	 1.4619190067064866e+07
	 3.0592872637093472e+06 	 3.2000317100176209e+08 	 0.0000000000000000e+00 	 0.0000000000000000e+00 	 0.0000000000000000e+00 	 1.6066581892955542e+07
	 0.0000000000000000e+00 	 0.0000000000000000e+00 	 1.8891386283480286e+10 	 3.4269584420690403e+09 	 -8.8859016596806347e+07 	 0.0000000000000000e+00
	 0.0000000000000000e+00 	 0.0000000000000000e+00 	 3.4269584420692306e+09 	 1.0634151273365679e+10 	 -1.4119061428597790e+08 	 0.0000000000000000e+00
	 0.0000000000000000e+00 	 0.0000000000000000e+00 	 -8.8859016596715078e+07 	 -1.4119061428592801e+08 	 4.8350247107696218e+09 	 0.0000000000000000e+00
	 1.4619190067128630e+07 	 1.6066581892946143e+07 	 0.0000000000000000e+00 	 0.0000000000000000e+00 	 0.0000000000000000e+00 	 2.1031685291091922e+08

	 3.4325459929537311e+02 	 0.0000000000000000e+00 	 0.0000000000000000e+00 	 0.0000000000000000e+00 	 0.0000000000000000e+00 	 -1.9415686227406067e+02
	 0.0000000000000000e+00 	 3.4325459929537311e+02 	 0.0000000000000000e+00 	 0.0000000000000000e+00 	 0.0000000000000000e+00 	 5.3723073920414786e+00
	 0.0000000000000000e+00 	 0.0000000000000000e+00 	 3.4325459929537311e+02 	 1.9415686227406067e+02 	 -5.3723073920414786e+00 	 0.0000000000000000e+00
	 0.0000000000000000e+00 	 0.0000000000000000e+00 	 1.9415686227406067e+02 	 5.4644919803558400e+02 	 -1.0422371010719889e+01 	 0.0000000000000000e+00
	 0.0000000000000000e+00 	 0.0000000000000000e+00 	 -5.3723073920414786e+00 	 -1.0422371010719889e+01 	 6.5652568493563251e+01 	 0.0000000000000000e+00
	 -1.9415686227406067e+02 	 5.3723073920414786e+00 	 0.0000000000000000e+00 	 0.0000000000000000e+00 	 0.0000000000000000e+00 	 6.1210176652914879e+02

	 0.550000 
	 9.6436416807566881e+07 	 2.3110362339998879e+06 	 0.0000000000000000e+00 	 0.0000000000000000e+00 	 0.0000000000000000e+00 	 1.3641570505252356e+07
	 2.3110362340247873e+06 	 3.1375904885952318e+08 	 0.0000000000000000e+00 	 0.0000000000000000e+00 	 0.0000000000000000e+00 	 1.5471042621968895e+07
	 0.0000000000000000e+00 	 0.0000000000000000e+00 	 1.8021297767229759e+10 	 2.9816975921226926e+09 	 -1.6097165623071775e+08 	 0.0000000000000000e+00
	 0.0000000000000000e+00 	 0.0000000000000000e+00 	 2.9816975921224871e+09 	 8.7288950055518227e+09 	 -9.1221900659053341e+07 	 0.0000000000000000e+00
	 0.0000000000000000e+00 	 0.0000000000000000e+00 	 -1.6097165623075342e+08 	 -9.1221900659120888e+07 	 3.5771483363115888e+09 	 0.0000000000000000e+00
	 1.3641570505186962e+07 	 1.5471042621848775e+07 	 0.0000000000000000e+00 	 0.0000000000000000e+00 	 0.0000000000000000e+00 	 1.6006861361875802e+08

	 3.1790839133538998e+02 	 0.0000000000000000e+00 	 0.0000000000000000e+00 	 0.0000000000000000e+00 	 0.0000000000000000e+00 	 -1.6639497288787152e+02
	 0.0000000000000000e+00 	 3.1790839133538998e+02 	 0.0000000000000000e+00 	 0.0000000000000000e+00 	 0.0000000000000000e+00 	 5.7637360424729085e+00
	 0.0000000000000000e+00 	 0.0000000000000000e+00 	 3.1790839133538998e+02 	 1.6639497288787152e+02 	 -5.7637360424729085e+00 	 0.0000000000000000e+00
	 0.0000000000000000e+00 	 0.0000000000000000e+00 	 1.6639497288787152e+02 	 4.3906550199901955e+02 	 -8.1492351154982110e+00 	 0.0000000000000000e+00
	 0.0000000000000000e+00 	 0.0000000000000000e+00 	 -5.7637360424729085e+00 	 -8.1492351154982110e+00 	 4.7890191969388411e+01 	 0.0000000000000000e+00
	 -1.6639497288787152e+02 	 5.7637360424729085e+00 	 0.0000000000000000e+00 	 0.0000000000000000e+00 	 0.0000000000000000e+00 	 4.8695569396840784e+02

	 0.600000 
	 8.0559796289992392e+07 	 2.5050429198664920e+06 	 0.0000000000000000e+00 	 0.0000000000000000e+00 	 0.0000000000000000e+00 	 1.1140206271712163e+07
	 2.5050429199747257e+06 	 3.3288593240045863e+08 	 0.0000000000000000e+00 	 0.0000000000000000e+00 	 0.0000000000000000e+00 	 1.5747174713915005e+07
	 0.0000000000000000e+00 	 0.0000000000000000e+00 	 1.6838843353279491e+10 	 1.9438732629413886e+09 	 -2.6414506417349711e+08 	 0.0000000000000000e+00
	 0.0000000000000000e+00 	 0.0000000000000000e+00 	 1.9438732629414213e+09 	 5.6241897493524256e+09 	 -6.3034366171655603e+07 	 0.0000000000000000e+00
	 0.0000000000000000e+00 	 0.0000000000000000e+00 	 -2.6414506417352283e+08 	 -6.3034366171646900e+07 	 2.6372751634740124e+09 	 0.0000000000000000e+00
	 1.1140206271679848e+07 	 1.5747174713912085e+07 	 0.0000000000000000e+00 	 0.0000000000000000e+00 	 0.0000000000000000e+00 	 1.2210316311877567e+08

	 2.8301365710627391e+02 	 0.0000000000000000e+00 	 0.0000000000000000e+00 	 0.0000000000000000e+00 	 0.0000000000000000e+00 	 -1.1450321934312589e+02
	 0.0000000000000000e+00 	 2.8301365710627391e+02 	 0.0000000000000000e+00 	 0.0000000000000000e+00 	 0.0000000000000000e+00 	 6.4103808666668716e+00
	 0.0000000000000000e+00 	 0.0000000000000000e+00 	 2.8301365710627391e+02 	 1.1450321934312589e+02 	 -6.4103808666668716e+00 	 0.0000000000000000e+00
	 0.0000000000000000e+00 	 0.0000000000000000e+00 	 1.1450321934312589e+02 	 2.8557247174742662e+02 	 -5.7933223033401555e+00 	 0.0000000000000000e+00
	 0.0000000000000000e+00 	 0.0000000000000000e+00 	 -6.4103808666668716e+00 	 -5.7933223033401555e+00 	 3.4901422075742232e+01 	 0.0000000000000000e+00
	 -1.1450321934312589e+02 	 6.4103808666668716e+00 	 0.0000000000000000e+00 	 0.0000000000000000e+00 	 0.0000000000000000e+00 	 3.2047389382316931e+02

	 0.650000 
	 6.6608456980628073e+07 	 3.2670000316819386e+06 	 0.0000000000000000e+00 	 0.0000000000000000e+00 	 0.0000000000000000e+00 	 1.0194430994750660e+07
	 3.2670000317315781e+06 	 3.9446049685070848e+08 	 0.0000000000000000e+00 	 0.0000000000000000e+00 	 0.0000000000000000e+00 	 1.7275102001838904e+07
	 0.0000000000000000e+00 	 0.0000000000000000e+00 	 1.5467277021698378e+10 	 1.0525047175639920e+09 	 -3.4313360790146089e+08 	 0.0000000000000000e+00
	 0.0000000000000000e+00 	 0.0000000000000000e+00 	 1.0525047175639336e+09 	 3.2778550621273594e+09 	 -3.7869433075504206e+07 	 0.0000000000000000e+00
	 0.0000000000000000e+00 	 0.0000000000000000e+00 	 -3.4313360790142554e+08 	 -3.7869433075452454e+07 	 1.9098796169651139e+09 	 0.0000000000000000e+00
	 1.0194430994784422e+07 	 1.7275102001855463e+07 	 0.0000000000000000e+00 	 0.0000000000000000e+00 	 0.0000000000000000e+00 	 9.1889053806923464e+07

	 2.4832649473512924e+02 	 0.0000000000000000e+00 	 0.0000000000000000e+00 	 0.0000000000000000e+00 	 0.0000000000000000e+00 	 -6.9995793176966870e+01
	 0.0000000000000000e+00 	 2.4832649473512924e+02 	 0.0000000000000000e+00 	 0.0000000000000000e+00 	 0.0000000000000000e+00 	 6.6991265173156735e+00
	 0.0000000000000000e+00 	 0.0000000000000000e+00 	 2.4832649473512924e+02 	 6.9995793176966870e+01 	 -6.6991265173156735e+00 	 0.0000000000000000e+00
	 0.0000000000000000e+00 	 0.0000000000000000e+00 	 6.9995793176966870e+01 	 1.6894886728614054e+02 	 -3.7466902479300166e+00 	 0.0000000000000000e+00
	 0.0000000000000000e+00 	 0.0000000000000000e+00 	 -6.6991265173156735e+00 	 -3.7466902479300166e+00 	 2.5083902045870179e+01 	 0.0000000000000000e+00
	 -6.9995793176966870e+01 	 6.6991265173156735e+00 	 0.0000000000000000e+00 	 0.0000000000000000e+00 	 0.0000000000000000e+00 	 1.9403276933200999e+02

	 0.700000 
	 5.5317647548598126e+07 	 3.3476935435225484e+06 	 0.0000000000000000e+00 	 0.0000000000000000e+00 	 0.0000000000000000e+00 	 9.3328858999472354e+06
	 3.3476935434970083e+06 	 4.4926036468390584e+08 	 0.0000000000000000e+00 	 0.0000000000000000e+00 	 0.0000000000000000e+00 	 1.9852485829888634e+07
	 0.0000000000000000e+00 	 0.0000000000000000e+00 	 1.3854720930090416e+10 	 6.4452105946586835e+08 	 -4.0320507826850450e+08 	 0.0000000000000000e+00
	 0.0000000000000000e+00 	 0.0000000000000000e+00 	 6.4452105946588480e+08 	 2.2485208706888199e+09 	 -2.2694312909617499e+07 	 0.0000000000000000e+00
	 0.0000000000000000e+00 	 0.0000000000000000e+00 	 -4.0320507826856279e+08 	 -2.2694312909635946e+07 	 1.3484450227970068e+09 	 0.0000000000000000e+00
	 9.3328858999300003e+06 	 1.9852485829904389e+07 	 0.0000000000000000e+00 	 0.0000000000000000e+00 	 0.0000000000000000e+00 	 6.9803927581105575e+07

	 2.1852334092863157e+02 	 0.0000000000000000e+00 	 0.0000000000000000e+00 	 0.0000000000000000e+00 	 0.0000000000000000e+00 	 -4.7870572223620826e+01
	 0.0000000000000000e+00 	 2.1852334092863157e+02 	 0.0000000000000000e+00 	 0.0000000000000000e+00 	 0.0000000000000000e+00 	 6.9730766791271845e+00
	 0.0000000000000000e+00 	 0.0000000000000000e+00 	 2.1852334092863157e+02 	 4.7870572223620826e+01 	 -6.9730766791271845e+00 	 0.0000000000000000e+00
	 0.0000000000000000e+00 	 0.0000000000000000e+00 	 4.7870572223620826e+01 	 1.1313555464815754e+02 	 -2.5244696905778707e+00 	 0.0000000000000000e+00
	 0.0000000000000000e+00 	 0.0000000000000000e+00 	 -6.9730766791271845e+00 	 -2.5244696905778707e+00 	 1.7691321218577190e+01 	 0.0000000000000000e+00
	 -4.7870572223620826e+01 	 6.9730766791271845e+00 	 0.0000000000000000e+00 	 0.0000000000000000e+00 	 0.0000000000000000e+00 	 1.3082687586673470e+02

	 0.750000 
	 4.4972740628466286e+07 	 2.6551183381381840e+06 	 0.0000000000000000e+00 	 0.0000000000000000e+00 	 0.0000000000000000e+00 	 8.8306771636219621e+06
	 2.6551183381478176e+06 	 4.2859084009979808e+08 	 0.0000000000000000e+00 	 0.0000000000000000e+00 	 0.0000000000000000e+00 	 2.0355617259596132e+07
	 0.0000000000000000e+00 	 0.0000000000000000e+00 	 1.0896822935156565e+10 	 4.5758509130544239e+08 	 -3.8013422617981154e+08 	 0.0000000000000000e+00
	 0.0000000000000000e+00 	 0.0000000000000000e+00 	 4.5758509130545318e+08 	 1.6840134132265213e+09 	 -1.0217789893120548e+07 	 0.0000000000000000e+00
	 0.0000000000000000e+00 	 0.0000000000000000e+00 	 -3.8013422617981231e+08 	 -1.0217789893143658e+07 	 8.3465585389309347e+08 	 0.0000000000000000e+00
	 8.8306771636030730e+06 	 2.0355617259594880e+07 	 0.0000000000000000e+00 	 0.0000000000000000e+00 	 0.0000000000000000e+00 	 5.1951831049146816e+07

	 1.7818036638917175e+02 	 0.0000000000000000e+00 	 0.0000000000000000e+00 	 0.0000000000000000e+00 	 0.0000000000000000e+00 	 -3.5867784378105291e+01
	 0.0000000000000000e+00 	 1.7818036638917175e+02 	 0.0000000000000000e+00 	 0.0000000000000000e+00 	 0.0000000000000000e+00 	 6.4530320955326896e+00
	 0.0000000000000000e+00 	 0.0000000000000000e+00 	 1.7818036638917175e+02 	 3.5867784378105291e+01 	 -6.4530320955326896e+00 	 0.0000000000000000e+00
	 0.0000000000000000e+00 	 0.0000000000000000e+00 	 3.5867784378105291e+01 	 8.2295762851514837e+01 	 -1.7467233430499680e+00 	 0.0000000000000000e+00
	 0.0000000000000000e+00 	 0.0000000000000000e+00 	 -6.4530320955326896e+00 	 -1.7467233430499680e+00 	 1.1227870827609658e+01 	 0.0000000000000000e+00
	 -3.5867784378105291e+01 	 6.4530320955326896e+00 	 0.0000000000000000e+00 	 0.0000000000000000e+00 	 0.0000000000000000e+00 	 9.3523633679124444e+01

	 0.800000 
	 3.7361039177676462e+07 	 2.7299492712528026e+06 	 0.0000000000000000e+00 	 0.0000000000000000e+00 	 0.0000000000000000e+00 	 7.4156429682100909e+06
	 2.7299492711980692e+06 	 3.7899662956984282e+08 	 0.0000000000000000e+00 	 0.0000000000000000e+00 	 0.0000000000000000e+00 	 1.7088048370733242e+07
	 0.0000000000000000e+00 	 0.0000000000000000e+00 	 7.2276697753169050e+09 	 2.4793921933950043e+08 	 -2.5625240112414426e+08 	 0.0000000000000000e+00
	 0.0000000000000000e+00 	 0.0000000000000000e+00 	 2.4793921933956930e+08 	 1.0790881847054548e+09 	 -3.7512910389643828e+06 	 0.0000000000000000e+00
	 0.0000000000000000e+00 	 0.0000000000000000e+00 	 -2.5625240112402877e+08 	 -3.7512910389270703e+06 	 4.6056525744917786e+08 	 0.0000000000000000e+00
	 7.4156429682111442e+06 	 1.7088048370691348e+07 	 0.0000000000000000e+00 	 0.0000000000000000e+00 	 0.0000000000000000e+00 	 3.9255165353483923e+07

	 1.3057134996594357e+02 	 0.0000000000000000e+00 	 0.0000000000000000e+00 	 0.0000000000000000e+00 	 0.0000000000000000e+00 	 -2.3551813011323290e+01
	 0.0000000000000000e+00 	 1.3057134996594357e+02 	 0.0000000000000000e+00 	 0.0000000000000000e+00 	 0.0000000000000000e+00 	 4.7291305189690140e+00
	 0.0000000000000000e+00 	 0.0000000000000000e+00 	 1.3057134996594357e+02 	 2.3551813011323290e+01 	 -4.7291305189690140e+00 	 0.0000000000000000e+00
	 0.0000000000000000e+00 	 0.0000000000000000e+00 	 2.3551813011323290e+01 	 5.4213534845860757e+01 	 -1.1510695620167803e+00 	 0.0000000000000000e+00
	 0.0000000000000000e+00 	 0.0000000000000000e+00 	 -4.7291305189690140e+00 	 -1.1510695620167803e+00 	 6.6454039930112732e+00 	 0.0000000000000000e+00
	 -2.3551813011323290e+01 	 4.7291305189690140e+00 	 0.0000000000000000e+00 	 0.0000000000000000e+00 	 0.0000000000000000e+00 	 6.0858938838872199e+01

	 0.850000 
	 2.7413144540656600e+07 	 1.8491117272851337e+06 	 0.0000000000000000e+00 	 0.0000000000000000e+00 	 0.0000000000000000e+00 	 3.9508167619230514e+06
	 1.8491117272349154e+06 	 2.6243151912519237e+08 	 0.0000000000000000e+00 	 0.0000000000000000e+00 	 0.0000000000000000e+00 	 1.0650965104945872e+07
	 0.0000000000000000e+00 	 0.0000000000000000e+00 	 4.4403746703758154e+09 	 1.5678840646309084e+08 	 -1.4603353249604273e+08 	 0.0000000000000000e+00
	 0.0000000000000000e+00 	 0.0000000000000000e+00 	 1.5678840646305528e+08 	 5.7431602612178469e+08 	 -1.7239419014280266e+06 	 0.0000000000000000e+00
	 0.0000000000000000e+00 	 0.0000000000000000e+00 	 -1.4603353249606040e+08 	 -1.7239419014354656e+06 	 2.4121042606966478e+08 	 0.0000000000000000e+00
	 3.9508167619120814e+06 	 1.0650965104911158e+07 	 0.0000000000000000e+00 	 0.0000000000000000e+00 	 0.0000000000000000e+00 	 2.3231634404413726e+07

	 8.3256030514849527e+01 	 0.0000000000000000e+00 	 0.0000000000000000e+00 	 0.0000000000000000e+00 	 0.0000000000000000e+00 	 -1.4430519825908332e+01
	 0.0000000000000000e+00 	 8.3256030514849527e+01 	 0.0000000000000000e+00 	 0.0000000000000000e+00 	 0.0000000000000000e+00 	 2.8000107588853078e+00
	 0.0000000000000000e+00 	 0.0000000000000000e+00 	 8.3256030514849527e+01 	 1.4430519825908332e+01 	 -2.8000107588853078e+00 	 0.0000000000000000e+00
	 0.0000000000000000e+00 	 0.0000000000000000e+00 	 1.4430519825908332e+01 	 2.9000884609952649e+01 	 -5.9709428897243677e-01 	 0.0000000000000000e+00
	 0.0000000000000000e+00 	 0.0000000000000000e+00 	 -2.8000107588853078e+00 	 -5.9709428897243677e-01 	 3.5990233189934586e+00 	 0.0000000000000000e+00
	 -1.4430519825908332e+01 	 2.8000107588853078e+00 	 0.0000000000000000e+00 	 0.0000000000000000e+00 	 0.0000000000000000e+00 	 3.2599907928946074e+01

	 0.900000 
	 1.9747066950931903e+07 	 1.2304161576649197e+06 	 0.0000000000000000e+00 	 0.0000000000000000e+00 	 0.0000000000000000e+00 	 2.2547594525220813e+06
	 1.2304161576432625e+06 	 1.6697193956499618e+08 	 0.0000000000000000e+00 	 0.0000000000000000e+00 	 0.0000000000000000e+00 	 6.0448976341136768e+06
	 0.0000000000000000e+00 	 0.0000000000000000e+00 	 2.5961044282897911e+09 	 8.6342075010654882e+07 	 -7.7957773243490547e+07 	 0.0000000000000000e+00
	 0.0000000000000000e+00 	 0.0000000000000000e+00 	 8.6342075010646269e+07 	 3.0864736820566905e+08 	 -1.7818424447838322e+06 	 0.0000000000000000e+00
	 0.0000000000000000e+00 	 0.0000000000000000e+00 	 -7.7957773243460193e+07 	 -1.7818424447689606e+06 	 1.1254094320514208e+08 	 0.0000000000000000e+00
	 2.2547594525196422e+06 	 6.0448976341046132e+06 	 0.0000000000000000e+00 	 0.0000000000000000e+00 	 0.0000000000000000e+00 	 1.3212309002129342e+07

	 5.2588895506248008e+01 	 0.0000000000000000e+00 	 0.0000000000000000e+00 	 0.0000000000000000e+00 	 0.0000000000000000e+00 	 -8.1309904577332119e+00
	 0.0000000000000000e+00 	 5.2588895506248008e+01 	 0.0000000000000000e+00 	 0.0000000000000000e+00 	 0.0000000000000000e+00 	 1.6039694029937701e+00
	 0.0000000000000000e+00 	 0.0000000000000000e+00 	 5.2588895506248008e+01 	 8.1309904577332119e+00 	 -1.6039694029937701e+00 	 0.0000000000000000e+00
	 0.0000000000000000e+00 	 0.0000000000000000e+00 	 8.1309904577332119e+00 	 1.5587128891441212e+01 	 -3.1722568640785848e-01 	 0.0000000000000000e+00
	 0.0000000000000000e+00 	 0.0000000000000000e+00 	 -1.6039694029937701e+00 	 -3.1722568640785848e-01 	 1.7756871868329398e+00 	 0.0000000000000000e+00
	 -8.1309904577332119e+00 	 1.6039694029937701e+00 	 0.0000000000000000e+00 	 0.0000000000000000e+00 	 0.0000000000000000e+00 	 1.7362816078274150e+01

	 0.950000 
	 1.4103946866152685e+07 	 6.2454470163409691e+05 	 0.0000000000000000e+00 	 0.0000000000000000e+00 	 0.0000000000000000e+00 	 1.4285540078522332e+06
	 6.2454470164149744e+05 	 9.8511878363979399e+07 	 0.0000000000000000e+00 	 0.0000000000000000e+00 	 0.0000000000000000e+00 	 3.3140565504223057e+06
	 0.0000000000000000e+00 	 0.0000000000000000e+00 	 1.1412920991064394e+09 	 5.9604874535034098e+07 	 -3.0664357060014788e+07 	 0.0000000000000000e+00
	 0.0000000000000000e+00 	 0.0000000000000000e+00 	 5.9604874535018563e+07 	 1.5185399682145146e+08 	 -2.0316401543259262e+06 	 0.0000000000000000e+00
	 0.0000000000000000e+00 	 0.0000000000000000e+00 	 -3.0664357060026571e+07 	 -2.0316401543302822e+06 	 3.6179831646173075e+07 	 0.0000000000000000e+00
	 1.4285540078500905e+06 	 3.3140565504265092e+06 	 0.0000000000000000e+00 	 0.0000000000000000e+00 	 0.0000000000000000e+00 	 7.4429390611656541e+06

	 3.3149789489599300e+01 	 0.0000000000000000e+00 	 0.0000000000000000e+00 	 0.0000000000000000e+00 	 0.0000000000000000e+00 	 -5.4843346510122890e+00
	 0.0000000000000000e+00 	 3.3149789489599300e+01 	 0.0000000000000000e+00 	 0.0000000000000000e+00 	 0.0000000000000000e+00 	 9.0151223640056399e-01
	 0.0000000000000000e+00 	 0.0000000000000000e+00 	 3.3149789489599300e+01 	 5.4843346510122890e+00 	 -9.0151223640056399e-01 	 0.0000000000000000e+00
	 0.0000000000000000e+00 	 0.0000000000000000e+00 	 5.4843346510122890e+00 	 9.4538890767871262e+00 	 -2.0517961921515343e-01 	 0.0000000000000000e+00
	 0.0000000000000000e+00 	 0.0000000000000000e+00 	 -9.0151223640056399e-01 	 -2.0517961921515343e-01 	 7.6622273609211233e-01 	 0.0000000000000000e+00
	 -5.4843346510122890e+00 	 9.0151223640056399e-01 	 0.0000000000000000e+00 	 0.0000000000000000e+00 	 0.0000000000000000e+00 	 1.0220111812879267e+01

	 1.000000 
	 1.0702859888156077e+06 	 2.5814420308606309e+05 	 0.0000000000000000e+00 	 0.0000000000000000e+00 	 0.0000000000000000e+00 	 8.1773221462202549e+04
	 2.5814420308629089e+05 	 1.6537173115086650e+07 	 0.0000000000000000e+00 	 0.0000000000000000e+00 	 0.0000000000000000e+00 	 1.1040171835824741e+05
	 0.0000000000000000e+00 	 0.0000000000000000e+00 	 1.2061279068929541e+08 	 1.8976595816171700e+06 	 -7.0624488336731691e+05 	 0.0000000000000000e+00
	 0.0000000000000000e+00 	 0.0000000000000000e+00 	 1.8976595816170948e+06 	 1.5898092463309255e+06 	 -3.3371813409757029e+04 	 0.0000000000000000e+00
	 0.0000000000000000e+00 	 0.0000000000000000e+00 	 -7.0624488336734078e+05 	 -3.3371813409756927e+04 	 1.8205450216951018e+05 	 0.0000000000000000e+00
	 8.1773221462224305e+04 	 1.1040171835824261e+05 	 0.0000000000000000e+00 	 0.0000000000000000e+00 	 0.0000000000000000e+00 	 7.4493950719845292e+04

	 5.6321992816439881e+00 	 0.0000000000000000e+00 	 0.0000000000000000e+00 	 0.0000000000000000e+00 	 0.0000000000000000e+00 	 -2.2183950546199252e-01
	 0.0000000000000000e+00 	 5.6321992816439881e+00 	 0.0000000000000000e+00 	 0.0000000000000000e+00 	 0.0000000000000000e+00 	 3.4478143305365187e-02
	 0.0000000000000000e+00 	 0.0000000000000000e+00 	 5.6321992816439881e+00 	 2.2183950546199252e-01 	 -3.4478143305365187e-02 	 0.0000000000000000e+00
	 0.0000000000000000e+00 	 0.0000000000000000e+00 	 2.2183950546199252e-01 	 1.0898822039276758e-01 	 -2.8286111645625190e-03 	 0.0000000000000000e+00
	 0.0000000000000000e+00 	 0.0000000000000000e+00 	 -3.4478143305365187e-02 	 -2.8286111645625190e-03 	 7.0550954289707772e-03 	 0.0000000000000000e+00
	 -2.2183950546199252e-01 	 3.4478143305365187e-02 	 0.0000000000000000e+00 	 0.0000000000000000e+00 	 0.0000000000000000e+00 	 1.1604331582173846e-01
